0,0
0.1,1.251154758674e-17
0.2,2.99661419268206e-13
0.3,8.6077236982166e-11
0.4,4.14692919361778e-09
0.5,7.65555141211833e-08
0.6,7.73245909249986e-07
0.7,5.13916989169549e-06
0.8,2.50636542638108e-05
0.9,9.62548196866666e-05
1,0.000305624757318436
1.1,0.00083108707289362
1.2,0.00198727695288285
1.3,0.00426430085212882
1.4,0.0083437563704227
1.5,0.0150790112280194
1.6,0.025434655284184
1.7,0.040390486738114
1.8,0.0608248278042401
1.9,0.0873974785978901
2,0.120452898142096
2.1,0.159959694958458
2.2,0.205494936181912
2.3,0.256273357067811
2.4,0.311214255229274
2.5,0.369033980069746
2.6,0.428349942535594
2.7,0.487782723562404
2.8,0.546045440835434
2.9,0.602013153496396
3,0.654768907048514
3.1,0.70362640793643
3.2,0.748131885969535
3.3,0.788049312455072
3.4,0.823333841141874
3.5,0.854098295971171
3.6,0.880576965830387
3.7,0.903090105367533
3.8,0.922011573882913
3.9,0.937741114366909
4,0.950681973325741
4.1,0.961223934653152
4.2,0.969731397268296
4.3,0.976535852047271
4.4,0.981931980391212
4.5,0.986176570805502
4.6,0.989489497793648
4.7,0.992056099975603
4.8,0.994030408248505
4.9,0.995538792868526
5,0.996683709131519
5.1,0.997547318233313
5.2,0.998194839926406
5.3,0.99867755636686
5.4,0.99903543331605
5.5,0.99929935778173
5.6,0.999493012766403
5.7,0.999634422546741
5.8,0.999737208117396
5.9,0.999811594038789
5.99999999999999,0.999865206499667
6.09999999999999,0.999903699148568
6.19999999999999,0.999931239050293
6.29999999999999,0.999950880603148
6.39999999999999,0.999964850816558
6.49999999999999,0.999974765242275
6.59999999999999,0.999981790204665
6.69999999999999,0.999986763834584
6.79999999999999,0.999990285773122
6.89999999999999,0.999992783240408
6.99999999999999,0.999994559408683
7.09999999999999,0.999995828619891
7.19999999999999,0.999996741888094
7.29999999999999,0.999997405272296
7.39999999999999,0.99999789304822
7.49999999999999,0.999998257107274
7.59999999999999,0.999998533633392
7.69999999999999,0.999998747825853
7.79999999999999,0.999998917226295
7.89999999999999,0.999999054053273
7.99999999999999,0.999999166834335
8.09999999999999,0.999999261542945
8.19999999999999,0.999999342387859
8.29999999999999,0.999999412359465
8.39999999999999,0.999999473606854
8.49999999999999,0.999999527697387
8.59999999999999,0.999999575794982
8.69999999999999,0.999999618782372
8.79999999999998,0.99999965734484
8.89999999999998,0.999999692027551
8.99999999999998,0.99999972327484
9.09999999999998,0.999999751457185
9.19999999999998,0.999999776889811
9.29999999999998,0.999999799845584
9.39999999999998,0.999999820564047
9.49999999999998,0.999999839257827
9.59999999999998,0.999999856117247
9.69999999999998,0.999999871313736
9.79999999999998,0.999999885002384
9.89999999999998,0.999999897323937
9.99999999999998,0.999999908406384
10.1,0.999999918366253
10.2,0.999999927309714
10.3,0.999999935333517
10.4,0.999999942525824
10.5,0.999999948966942
10.6,0.999999954729993
10.7,0.99999995988151
10.8,0.999999964481993
10.9,0.99999996858641
11,0.999999972244664
11.1,0.99999997550202
11.2,0.9999999783995
11.3,0.999999980974242
11.4,0.999999983259843
11.5,0.999999985286661
11.6,0.999999987082105
11.7,0.999999988670893
11.8,0.999999990075296
11.9,0.999999991315359
12,0.999999992409104
12.1,0.999999993372721
12.2,0.999999994220731
12.3,0.999999994966152
12.4,0.999999995620636
12.5,0.999999996194607
12.6,0.999999996697372
12.7,0.999999997137237
12.8,0.999999997521606
12.9,0.999999997857068
13,0.999999998149483
13.1,0.999999998404055
13.2,0.999999998625398
13.3,0.999999998817604
13.4,0.999999998984291
13.5,0.999999999128655
13.6,0.999999999253521
13.7,0.999999999361375
13.8,0.999999999454409
13.9,0.999999999534548
14,0.999999999603482
14.1,0.999999999662695
14.2,0.999999999713484
14.3,0.999999999756985
14.4,0.999999999794189
14.5,0.99999999982596
14.6,0.999999999853051
14.7,0.999999999876116
14.8,0.999999999895724
14.9,0.999999999912366
15,0.99999999992647
15.1,0.999999999938402
15.2,0.999999999948482
15.3,0.999999999956983
15.4,0.999999999964141
15.5,0.999999999970157
15.6,0.999999999975206
15.7,0.999999999979435
15.8,0.999999999982972
15.9,0.999999999985925
16,0.999999999988386
16.1,0.999999999990434
16.2,0.999999999992134
16.3,0.999999999993543
16.4,0.999999999994709
16.5,0.999999999995673
16.6,0.999999999996467
16.7,0.99999999999712
16.8,0.999999999997657
16.9,0.999999999998097
17,0.999999999998457
17.1,0.999999999998751
17.2,0.999999999998991
17.3,0.999999999999186
17.4,0.999999999999345
17.5,0.999999999999473
17.6,0.999999999999577
17.7,0.999999999999661
17.8,0.999999999999729
17.9,0.999999999999783
18,0.999999999999827
18.1,0.999999999999862
18.2,0.99999999999989
18.3,0.999999999999913
18.4,0.999999999999931
18.5,0.999999999999945
18.6,0.999999999999956
18.7,0.999999999999965
18.8,0.999999999999973
18.9,0.999999999999978
19,0.999999999999983
19.1,0.999999999999986
19.2,0.999999999999989
19.3,0.999999999999991
19.4,0.999999999999993
19.5,0.999999999999995
19.6,0.999999999999996
19.7,0.999999999999997
19.8,0.999999999999997
19.9,0.999999999999998
20,0.999999999999998
20.1,0.999999999999999
20.2,0.999999999999999
20.3,0.999999999999999
20.4,0.999999999999999
20.5,1
20.6,1
20.7,1
20.8,1
20.9,1
21,1
21.1,1
21.2,1
21.3,1
21.4,1
21.5,1
21.6,1
21.7,1
21.8,1
21.9,1
22,1
22.1,1
22.2,1
22.3,1
22.4,1
22.5,1
22.6000000000001,1
22.7000000000001,1
22.8000000000001,1
22.9000000000001,1
23.0000000000001,1
23.1000000000001,1
23.2000000000001,1
23.3000000000001,1
23.4000000000001,1
23.5000000000001,1
23.6000000000001,1
23.7000000000001,1
23.8000000000001,1
23.9000000000001,1
24.0000000000001,1
24.1000000000001,1
24.2000000000001,1
24.3000000000001,1
24.4000000000001,1
24.5000000000001,1
24.6000000000001,1
24.7000000000001,1
24.8000000000001,1
24.9000000000001,1
25.0000000000001,1
25.1000000000001,1
25.2000000000001,1
25.3000000000001,1
25.4000000000001,1
25.5000000000001,1
25.6000000000001,1
25.7000000000001,1
25.8000000000001,1
25.9000000000001,1
26.0000000000001,1
26.1000000000001,1
26.2000000000001,1
26.3000000000001,1
26.4000000000001,1
26.5000000000001,1
26.6000000000001,1
26.7000000000001,1
26.8000000000001,1
26.9000000000001,1
27.0000000000001,1
27.1000000000001,1
27.2000000000001,1
27.3000000000001,1
27.4000000000001,1
27.5000000000001,1
27.6000000000001,1
27.7000000000001,1
27.8000000000001,1
27.9000000000001,1
28.0000000000001,1
28.1000000000001,1
28.2000000000001,1
28.3000000000001,1
28.4000000000001,1
28.5000000000001,1
28.6000000000001,1
28.7000000000001,1
28.8000000000001,1
28.9000000000001,1
29.0000000000001,1
29.1000000000001,1
29.2000000000001,1
29.3000000000001,1
29.4000000000001,1
29.5000000000001,1
29.6000000000002,1
29.7000000000002,1
29.8000000000002,1
29.9000000000002,1
30.0000000000002,1
30.1000000000002,1
30.2000000000002,1
30.3000000000002,1
30.4000000000002,1
30.5000000000002,1
30.6000000000002,1
30.7000000000002,1
30.8000000000002,1
30.9000000000002,1
31.0000000000002,1
31.1000000000002,1
31.2000000000002,1
31.3000000000002,1
31.4000000000002,1
31.5000000000002,1
31.6000000000002,1
31.7000000000002,1
31.8000000000002,1
31.9000000000002,1
32.0000000000002,1
32.1000000000002,1
32.2000000000002,1
32.3000000000002,1
32.4000000000002,1
32.5000000000002,1
32.6000000000002,1
32.7000000000002,1
32.8000000000002,1
32.9000000000002,1
33.0000000000002,1
33.1000000000002,1
33.2000000000002,1
33.3000000000002,1
33.4000000000002,1
33.5000000000002,1
33.6000000000002,1
33.7000000000002,1
33.8000000000002,1
33.9000000000002,1
34.0000000000002,1
34.1000000000002,1
34.2000000000002,1
34.3000000000002,1
34.4000000000002,1
34.5000000000002,1
34.6000000000002,1
34.7000000000002,1
34.8000000000002,1
34.9000000000002,1
35.0000000000002,1
35.1000000000002,1
35.2000000000002,1
35.3000000000002,1
35.4000000000002,1
35.5000000000002,1
35.6000000000002,1
35.7000000000002,1
35.8000000000002,1
35.9000000000002,1
36.0000000000002,1
36.1000000000002,1
36.2000000000002,1
36.3000000000002,1
36.4000000000002,1
36.5000000000002,1
36.6000000000003,1
36.7000000000003,1
36.8000000000003,1
36.9000000000003,1
37.0000000000003,1
37.1000000000003,1
37.2000000000003,1
37.3000000000003,1
37.4000000000003,1
37.5000000000003,1
37.6000000000003,1
37.7000000000003,1
37.8000000000003,1
37.9000000000003,1
38.0000000000003,1
38.1000000000003,1
38.2000000000003,1
38.3000000000003,1
38.4000000000003,1
38.5000000000003,1
38.6000000000003,1
38.7000000000003,1
38.8000000000003,1
38.9000000000003,1
39.0000000000003,1
39.1000000000003,1
39.2000000000003,1
39.3000000000003,1
39.4000000000003,1
39.5000000000003,1
39.6000000000003,1
39.7000000000003,1
39.8000000000003,1
39.9000000000003,1
40.0000000000003,1
40.1000000000003,1
40.2000000000003,1
40.3000000000003,1
40.4000000000003,1
40.5000000000003,1
40.6000000000003,1
40.7000000000003,1
40.8000000000003,1
40.9000000000003,1
41.0000000000003,1
41.1000000000003,1
41.2000000000003,1
41.3000000000003,1
41.4000000000003,1
41.5000000000003,1
41.6000000000003,1
41.7000000000003,1
41.8000000000003,1
41.9000000000003,1
42.0000000000003,1
42.1000000000003,1
42.2000000000003,1
42.3000000000003,1
42.4000000000003,1
42.5000000000003,1
42.6000000000003,1
42.7000000000003,1
42.8000000000003,1
42.9000000000003,1
43.0000000000003,1
43.1000000000003,1
43.2000000000003,1
43.3000000000003,1
43.4000000000003,1
43.5000000000003,1
43.6000000000003,1
43.7000000000004,1
43.8000000000004,1
43.9000000000004,1
44.0000000000004,1
44.1000000000004,1
44.2000000000004,1
44.3000000000004,1
44.4000000000004,1
44.5000000000004,1
44.6000000000004,1
44.7000000000004,1
44.8000000000004,1
44.9000000000004,1
45.0000000000004,1
45.1000000000004,1
45.2000000000004,1
45.3000000000004,1
45.4000000000004,1
45.5000000000004,1
45.6000000000004,1
45.7000000000004,1
45.8000000000004,1
45.9000000000004,1
46.0000000000004,1
46.1000000000004,1
46.2000000000004,1
46.3000000000004,1
46.4000000000004,1
46.5000000000004,1
46.6000000000004,1
46.7000000000004,1
46.8000000000004,1
46.9000000000004,1
47.0000000000004,1
47.1000000000004,1
47.2000000000004,1
47.3000000000004,1
47.4000000000004,1
47.5000000000004,1
47.6000000000004,1
47.7000000000004,1
47.8000000000004,1
47.9000000000004,1
48.0000000000004,1
48.1000000000004,1
48.2000000000004,1
48.3000000000004,1
48.4000000000004,1
48.5000000000004,1
48.6000000000004,1
48.7000000000004,1
48.8000000000004,1
48.9000000000004,1
49.0000000000004,1
49.1000000000004,1
49.2000000000004,1
49.3000000000004,1
49.4000000000004,1
49.5000000000004,1
49.6000000000004,1
49.7000000000004,1
49.8000000000004,1
49.9000000000004,1
50.0000000000004,1
50.1000000000004,1
50.2000000000004,1
50.3000000000004,1
50.4000000000004,1
50.5000000000004,1
50.6000000000004,1
50.7000000000005,1
50.8000000000005,1
50.9000000000005,1
51.0000000000005,1
51.1000000000005,1
51.2000000000005,1
51.3000000000005,1
51.4000000000005,1
51.5000000000005,1
51.6000000000005,1
51.7000000000005,1
51.8000000000005,1
51.9000000000005,1
52.0000000000005,1
52.1000000000005,1
52.2000000000005,1
52.3000000000005,1
52.4000000000005,1
52.5000000000005,1
52.6000000000005,1
52.7000000000005,1
52.8000000000005,1
52.9000000000005,1
53.0000000000005,1
53.1000000000005,1
53.2000000000005,1
53.3000000000005,1
53.4000000000005,1
53.5000000000005,1
53.6000000000005,1
53.7000000000005,1
53.8000000000005,1
53.9000000000005,1
54.0000000000005,1
54.1000000000005,1
54.2000000000005,1
54.3000000000005,1
54.4000000000005,1
54.5000000000005,1
54.6000000000005,1
54.7000000000005,1
54.8000000000005,1
54.9000000000005,1
55.0000000000005,1
55.1000000000005,1
55.2000000000005,1
55.3000000000005,1
55.4000000000005,1
55.5000000000005,1
55.6000000000005,1
55.7000000000005,1
55.8000000000005,1
55.9000000000005,1
56.0000000000005,1
56.1000000000005,1
56.2000000000005,1
56.3000000000005,1
56.4000000000005,1
56.5000000000005,1
56.6000000000005,1
56.7000000000005,1
56.8000000000005,1
56.9000000000005,1
57.0000000000005,1
57.1000000000005,1
57.2000000000005,1
57.3000000000005,1
57.4000000000005,1
57.5000000000005,1
57.6000000000005,1
57.7000000000005,1
57.8000000000006,1
57.9000000000006,1
58.0000000000006,1
58.1000000000006,1
58.2000000000006,1
58.3000000000006,1
58.4000000000006,1
58.5000000000006,1
58.6000000000006,1
58.7000000000006,1
58.8000000000006,1
58.9000000000006,1
59.0000000000006,1
59.1000000000006,1
59.2000000000006,1
59.3000000000006,1
59.4000000000006,1
59.5000000000006,1
59.6000000000006,1
59.7000000000006,1
59.8000000000006,1
59.9000000000006,1
60.0000000000006,1
60.1000000000006,1
60.2000000000006,1
60.3000000000006,1
60.4000000000006,1
60.5000000000006,1
60.6000000000006,1
60.7000000000006,1
60.8000000000006,1
60.9000000000006,1
61.0000000000006,1
61.1000000000006,1
61.2000000000006,1
61.3000000000006,1
61.4000000000006,1
61.5000000000006,1
61.6000000000006,1
61.7000000000006,1
61.8000000000006,1
61.9000000000006,1
62.0000000000006,1
62.1000000000006,1
62.2000000000006,1
62.3000000000006,1
62.4000000000006,1
62.5000000000006,1
62.6000000000006,1
62.7000000000006,1
62.8000000000006,1
62.9000000000006,1
63.0000000000006,1
63.1000000000006,1
63.2000000000006,1
63.3000000000006,1
63.4000000000006,1
63.5000000000006,1
63.6000000000006,1
63.7000000000006,1
63.8000000000006,1
63.9000000000006,1
64.0000000000006,1
64.1000000000006,1
64.2000000000006,1
64.3000000000006,1
64.4000000000006,1
64.5000000000006,1
64.6000000000006,1
64.7000000000006,1
64.8000000000006,1
64.9000000000006,1
65.0000000000006,1
65.1000000000006,1
65.2000000000006,1
65.3000000000006,1
65.4000000000006,1
65.5000000000006,1
65.6000000000005,1
65.7000000000005,1
65.8000000000005,1
65.9000000000005,1
66.0000000000005,1
66.1000000000005,1
66.2000000000005,1
66.3000000000005,1
66.4000000000005,1
66.5000000000005,1
66.6000000000005,1
66.7000000000005,1
66.8000000000005,1
66.9000000000005,1
67.0000000000005,1
67.1000000000005,1
67.2000000000005,1
67.3000000000005,1
67.4000000000004,1
67.5000000000004,1
67.6000000000004,1
67.7000000000004,1
67.8000000000004,1
67.9000000000004,1
68.0000000000004,1
68.1000000000004,1
68.2000000000004,1
68.3000000000004,1
68.4000000000004,1
68.5000000000004,1
68.6000000000004,1
68.7000000000004,1
68.8000000000004,1
68.9000000000004,1
69.0000000000004,1
69.1000000000003,1
69.2000000000003,1
69.3000000000003,1
69.4000000000003,1
69.5000000000003,1
69.6000000000003,1
69.7000000000003,1
69.8000000000003,1
69.9000000000003,1
70.0000000000003,1
70.1000000000003,1
70.2000000000003,1
70.3000000000003,1
70.4000000000003,1
70.5000000000003,1
70.6000000000003,1
70.7000000000003,1
70.8000000000003,1
70.9000000000002,1
71.0000000000002,1
71.1000000000002,1
71.2000000000002,1
71.3000000000002,1
71.4000000000002,1
71.5000000000002,1
71.6000000000002,1
71.7000000000002,1
71.8000000000002,1
71.9000000000002,1
72.0000000000002,1
72.1000000000002,1
72.2000000000002,1
72.3000000000002,1
72.4000000000002,1
72.5000000000002,1
72.6000000000002,1
72.7000000000001,1
72.8000000000001,1
72.9000000000001,1
73.0000000000001,1
73.1000000000001,1
73.2000000000001,1
73.3000000000001,1
73.4000000000001,1
73.5000000000001,1
73.6000000000001,1
73.7000000000001,1
73.8000000000001,1
73.9000000000001,1
74.0000000000001,1
74.1000000000001,1
74.2000000000001,1
74.3000000000001,1
74.4,1
74.5,1
74.6,1
74.7,1
74.8,1
74.9,1
75,1
75.1,1
75.2,1
75.3,1
75.4,1
75.5,1
75.6,1
75.7,1
75.8,1
75.9,1
76,1
76.1,1
76.1999999999999,1
76.2999999999999,1
76.3999999999999,1
76.4999999999999,1
76.5999999999999,1
76.6999999999999,1
76.7999999999999,1
76.8999999999999,1
76.9999999999999,1
77.0999999999999,1
77.1999999999999,1
77.2999999999999,1
77.3999999999999,1
77.4999999999999,1
77.5999999999999,1
77.6999999999999,1
77.7999999999999,1
77.8999999999998,1
77.9999999999998,1
78.0999999999998,1
78.1999999999998,1
78.2999999999998,1
78.3999999999998,1
78.4999999999998,1
78.5999999999998,1
78.6999999999998,1
78.7999999999998,1
78.8999999999998,1
78.9999999999998,1
79.0999999999998,1
79.1999999999998,1
79.2999999999998,1
79.3999999999998,1
79.4999999999998,1
79.5999999999998,1
79.6999999999997,1
79.7999999999997,1
79.8999999999997,1
79.9999999999997,1
80.0999999999997,1
80.1999999999997,1
80.2999999999997,1
80.3999999999997,1
80.4999999999997,1
80.5999999999997,1
80.6999999999997,1
80.7999999999997,1
80.8999999999997,1
80.9999999999997,1
81.0999999999997,1
81.1999999999997,1
81.2999999999997,1
81.3999999999997,1
81.4999999999996,1
81.5999999999996,1
81.6999999999996,1
81.7999999999996,1
81.8999999999996,1
81.9999999999996,1
82.0999999999996,1
82.1999999999996,1
82.2999999999996,1
82.3999999999996,1
82.4999999999996,1
82.5999999999996,1
82.6999999999996,1
82.7999999999996,1
82.8999999999996,1
82.9999999999996,1
83.0999999999996,1
83.1999999999995,1
83.2999999999995,1
83.3999999999995,1
83.4999999999995,1
83.5999999999995,1
83.6999999999995,1
83.7999999999995,1
83.8999999999995,1
83.9999999999995,1
84.0999999999995,1
84.1999999999995,1
84.2999999999995,1
84.3999999999995,1
84.4999999999995,1
84.5999999999995,1
84.6999999999995,1
84.7999999999995,1
84.8999999999995,1
84.9999999999994,1
85.0999999999994,1
85.1999999999994,1
85.2999999999994,1
85.3999999999994,1
85.4999999999994,1
85.5999999999994,1
85.6999999999994,1
85.7999999999994,1
85.8999999999994,1
85.9999999999994,1
86.0999999999994,1
86.1999999999994,1
86.2999999999994,1
86.3999999999994,1
86.4999999999994,1
86.5999999999994,1
86.6999999999993,1
86.7999999999993,1
86.8999999999993,1
86.9999999999993,1
87.0999999999993,1
87.1999999999993,1
87.2999999999993,1
87.3999999999993,1
87.4999999999993,1
87.5999999999993,1
87.6999999999993,1
87.7999999999993,1
87.8999999999993,1
87.9999999999993,1
88.0999999999993,1
88.1999999999993,1
88.2999999999993,1
88.3999999999993,1
88.4999999999992,1
88.5999999999992,1
88.6999999999992,1
88.7999999999992,1
88.8999999999992,1
88.9999999999992,1
89.0999999999992,1
89.1999999999992,1
89.2999999999992,1
89.3999999999992,1
89.4999999999992,1
89.5999999999992,1
89.6999999999992,1
89.7999999999992,1
89.8999999999992,1
89.9999999999992,1
90.0999999999992,1
90.1999999999992,1
90.2999999999991,1
90.3999999999991,1
90.4999999999991,1
90.5999999999991,1
90.6999999999991,1
90.7999999999991,1
90.8999999999991,1
90.9999999999991,1
91.0999999999991,1
91.1999999999991,1
91.2999999999991,1
91.3999999999991,1
91.4999999999991,1
91.5999999999991,1
91.6999999999991,1
91.7999999999991,1
91.8999999999991,1
91.999999999999,1
92.099999999999,1
92.199999999999,1
92.299999999999,1
92.399999999999,1
92.499999999999,1
92.599999999999,1
92.699999999999,1
92.799999999999,1
92.899999999999,1
92.999999999999,1
93.099999999999,1
93.199999999999,1
93.299999999999,1
93.399999999999,1
93.499999999999,1
93.599999999999,1
93.699999999999,1
93.7999999999989,1
93.8999999999989,1
93.9999999999989,1
94.0999999999989,1
94.1999999999989,1
94.2999999999989,1
94.3999999999989,1
94.4999999999989,1
94.5999999999989,1
94.6999999999989,1
94.7999999999989,1
94.8999999999989,1
94.9999999999989,1
95.0999999999989,1
95.1999999999989,1
95.2999999999989,1
95.3999999999989,1
95.4999999999988,1
95.5999999999988,1
95.6999999999988,1
95.7999999999988,1
95.8999999999988,1
95.9999999999988,1
96.0999999999988,1
96.1999999999988,1
96.2999999999988,1
96.3999999999988,1
96.4999999999988,1
96.5999999999988,1
96.6999999999988,1
96.7999999999988,1
96.8999999999988,1
96.9999999999988,1
97.0999999999988,1
97.1999999999988,1
97.2999999999987,1
97.3999999999987,1
97.4999999999987,1
97.5999999999987,1
97.6999999999987,1
97.7999999999987,1
97.8999999999987,1
97.9999999999987,1
98.0999999999987,1
98.1999999999987,1
98.2999999999987,1
98.3999999999987,1
98.4999999999987,1
98.5999999999987,1
98.6999999999987,1
98.7999999999987,1
98.8999999999987,1
98.9999999999986,1
99.0999999999986,1
99.1999999999986,1
99.2999999999986,1
99.3999999999986,1
99.4999999999986,1
99.5999999999986,1
99.6999999999986,1
99.7999999999986,1
99.8999999999986,1
99.9999999999986,1
100.099999999999,1
100.199999999999,1
100.299999999999,1
100.399999999999,1
100.499999999999,1
100.599999999999,1
100.699999999999,1
100.799999999999,1
100.899999999999,1
100.999999999999,1
101.099999999999,1
101.199999999999,1
101.299999999999,1
101.399999999999,1
101.499999999999,1
101.599999999999,1
101.699999999998,1
101.799999999998,1
101.899999999998,1
101.999999999998,1
102.099999999998,1
102.199999999998,1
102.299999999998,1
102.399999999998,1
102.499999999998,1
102.599999999998,1
102.699999999998,1
102.799999999998,1
102.899999999998,1
102.999999999998,1
103.099999999998,1
103.199999999998,1
103.299999999998,1
103.399999999998,1
103.499999999998,1
103.599999999998,1
103.699999999998,1
103.799999999998,1
103.899999999998,1
103.999999999998,1
104.099999999998,1
104.199999999998,1
104.299999999998,1
104.399999999998,1
104.499999999998,1
104.599999999998,1
104.699999999998,1
104.799999999998,1
104.899999999998,1
104.999999999998,1
105.099999999998,1
105.199999999998,1
105.299999999998,1
105.399999999998,1
105.499999999998,1
105.599999999998,1
105.699999999998,1
105.799999999998,1
105.899999999998,1
105.999999999998,1
106.099999999998,1
106.199999999998,1
106.299999999998,1
106.399999999998,1
106.499999999998,1
106.599999999998,1
106.699999999998,1
106.799999999998,1
106.899999999998,1
106.999999999998,1
107.099999999998,1
107.199999999998,1
107.299999999998,1
107.399999999998,1
107.499999999998,1
107.599999999998,1
107.699999999998,1
107.799999999998,1
107.899999999998,1
107.999999999998,1
108.099999999998,1
108.199999999998,1
108.299999999998,1
108.399999999998,1
108.499999999998,1
108.599999999998,1
108.699999999998,1
108.799999999998,1
108.899999999998,1
108.999999999998,1
109.099999999998,1
109.199999999998,1
109.299999999998,1
109.399999999998,1
109.499999999998,1
109.599999999998,1
109.699999999998,1
109.799999999998,1
109.899999999998,1
109.999999999998,1
110.099999999998,1
110.199999999998,1
110.299999999998,1
110.399999999998,1
110.499999999998,1
110.599999999998,1
110.699999999998,1
110.799999999998,1
110.899999999998,1
110.999999999998,1
111.099999999998,1
111.199999999998,1
111.299999999998,1
111.399999999998,1
111.499999999998,1
111.599999999998,1
111.699999999998,1
111.799999999998,1
111.899999999998,1
111.999999999998,1
112.099999999998,1
112.199999999998,1
112.299999999998,1
112.399999999998,1
112.499999999998,1
112.599999999998,1
112.699999999998,1
112.799999999998,1
112.899999999998,1
112.999999999998,1
113.099999999998,1
113.199999999998,1
113.299999999998,1
113.399999999998,1
113.499999999998,1
113.599999999998,1
113.699999999998,1
113.799999999998,1
113.899999999998,1
113.999999999998,1
114.099999999998,1
114.199999999998,1
114.299999999998,1
114.399999999998,1
114.499999999998,1
114.599999999998,1
114.699999999998,1
114.799999999998,1
114.899999999998,1
114.999999999998,1
115.099999999998,1
115.199999999998,1
115.299999999998,1
115.399999999998,1
115.499999999998,1
115.599999999998,1
115.699999999998,1
115.799999999998,1
115.899999999998,1
115.999999999998,1
116.099999999998,1
116.199999999998,1
116.299999999998,1
116.399999999998,1
116.499999999998,1
116.599999999998,1
116.699999999998,1
116.799999999998,1
116.899999999998,1
116.999999999998,1
117.099999999998,1
117.199999999998,1
117.299999999998,1
117.399999999998,1
117.499999999998,1
117.599999999998,1
117.699999999998,1
117.799999999998,1
117.899999999998,1
117.999999999998,1
118.099999999998,1
118.199999999998,1
118.299999999998,1
118.399999999998,1
118.499999999998,1
118.599999999998,1
118.699999999998,1
118.799999999998,1
118.899999999998,1
118.999999999998,1
119.099999999998,1
119.199999999998,1
119.299999999997,1
119.399999999997,1
119.499999999997,1
119.599999999997,1
119.699999999997,1
119.799999999997,1
119.899999999997,1
119.999999999997,1
120.099999999997,1
120.199999999997,1
120.299999999997,1
120.399999999997,1
120.499999999997,1
120.599999999997,1
120.699999999997,1
120.799999999997,1
120.899999999997,1
120.999999999997,1
121.099999999997,1
121.199999999997,1
121.299999999997,1
121.399999999997,1
121.499999999997,1
121.599999999997,1
121.699999999997,1
121.799999999997,1
121.899999999997,1
121.999999999997,1
122.099999999997,1
122.199999999997,1
122.299999999997,1
122.399999999997,1
122.499999999997,1
122.599999999997,1
122.699999999997,1
122.799999999997,1
122.899999999997,1
122.999999999997,1
123.099999999997,1
123.199999999997,1
123.299999999997,1
123.399999999997,1
123.499999999997,1
123.599999999997,1
123.699999999997,1
123.799999999997,1
123.899999999997,1
123.999999999997,1
124.099999999997,1
124.199999999997,1
124.299999999997,1
124.399999999997,1
124.499999999997,1
124.599999999997,1
124.699999999997,1
124.799999999997,1
124.899999999997,1
124.999999999997,1
125.099999999997,1
125.199999999997,1
125.299999999997,1
125.399999999997,1
125.499999999997,1
125.599999999997,1
125.699999999997,1
125.799999999997,1
125.899999999997,1
125.999999999997,1
126.099999999997,1
126.199999999997,1
126.299999999997,1
126.399999999997,1
126.499999999997,1
126.599999999997,1
126.699999999997,1
126.799999999997,1
126.899999999997,1
126.999999999997,1
127.099999999997,1
127.199999999997,1
127.299999999997,1
127.399999999997,1
127.499999999997,1
127.599999999997,1
127.699999999997,1
127.799999999997,1
127.899999999997,1
127.999999999997,1
128.099999999997,1
128.199999999997,1
128.299999999997,1
128.399999999997,1
128.499999999997,1
128.599999999997,1
128.699999999997,1
128.799999999997,1
128.899999999997,1
128.999999999997,1
129.099999999997,1
129.199999999997,1
129.299999999997,1
129.399999999997,1
129.499999999997,1
129.599999999997,1
129.699999999997,1
129.799999999997,1
129.899999999997,1
129.999999999997,1
130.099999999997,1
130.199999999997,1
130.299999999997,1
130.399999999997,1
130.499999999997,1
130.599999999997,1
130.699999999997,1
130.799999999997,1
130.899999999997,1
130.999999999997,1
131.099999999997,1
131.199999999997,1
131.299999999997,1
131.399999999997,1
131.499999999997,1
131.599999999997,1
131.699999999997,1
131.799999999997,1
131.899999999997,1
131.999999999997,1
132.099999999997,1
132.199999999997,1
132.299999999997,1
132.399999999997,1
132.499999999997,1
132.599999999997,1
132.699999999997,1
132.799999999997,1
132.899999999997,1
132.999999999997,1
133.099999999997,1
133.199999999997,1
133.299999999997,1
133.399999999997,1
133.499999999997,1
133.599999999997,1
133.699999999997,1
133.799999999997,1
133.899999999997,1
133.999999999997,1
134.099999999997,1
134.199999999997,1
134.299999999997,1
134.399999999997,1
134.499999999997,1
134.599999999997,1
134.699999999997,1
134.799999999997,1
134.899999999997,1
134.999999999997,1
135.099999999997,1
135.199999999997,1
135.299999999997,1
135.399999999997,1
135.499999999997,1
135.599999999997,1
135.699999999997,1
135.799999999997,1
135.899999999997,1
135.999999999997,1
136.099999999997,1
136.199999999997,1
136.299999999997,1
136.399999999997,1
136.499999999997,1
136.599999999997,1
136.699999999997,1
136.799999999997,1
136.899999999997,1
136.999999999997,1
137.099999999996,1
137.199999999996,1
137.299999999996,1
137.399999999996,1
137.499999999996,1
137.599999999996,1
137.699999999996,1
137.799999999996,1
137.899999999996,1
137.999999999996,1
138.099999999996,1
138.199999999996,1
138.299999999996,1
138.399999999996,1
138.499999999996,1
138.599999999996,1
138.699999999996,1
138.799999999996,1
138.899999999996,1
138.999999999996,1
139.099999999996,1
139.199999999996,1
139.299999999996,1
139.399999999996,1
139.499999999996,1
139.599999999996,1
139.699999999996,1
139.799999999996,1
139.899999999996,1
139.999999999996,1
140.099999999996,1
140.199999999996,1
140.299999999996,1
140.399999999996,1
140.499999999996,1
140.599999999996,1
140.699999999996,1
140.799999999996,1
140.899999999996,1
140.999999999996,1
141.099999999996,1
141.199999999996,1
141.299999999996,1
141.399999999996,1
141.499999999996,1
141.599999999996,1
141.699999999996,1
141.799999999996,1
141.899999999996,1
141.999999999996,1
142.099999999996,1
142.199999999996,1
142.299999999996,1
142.399999999996,1
142.499999999996,1
142.599999999996,1
142.699999999996,1
142.799999999996,1
142.899999999996,1
142.999999999996,1
143.099999999996,1
143.199999999996,1
143.299999999996,1
143.399999999996,1
143.499999999996,1
143.599999999996,1
143.699999999996,1
143.799999999996,1
143.899999999996,1
143.999999999996,1
144.099999999996,1
144.199999999996,1
144.299999999996,1
144.399999999996,1
144.499999999996,1
144.599999999996,1
144.699999999996,1
144.799999999996,1
144.899999999996,1
144.999999999996,1
145.099999999996,1
145.199999999996,1
145.299999999996,1
145.399999999996,1
145.499999999996,1
145.599999999996,1
145.699999999996,1
145.799999999996,1
145.899999999996,1
145.999999999996,1
146.099999999996,1
146.199999999996,1
146.299999999996,1
146.399999999996,1
146.499999999996,1
146.599999999996,1
146.699999999996,1
146.799999999996,1
146.899999999996,1
146.999999999996,1
147.099999999996,1
147.199999999996,1
147.299999999996,1
147.399999999996,1
147.499999999996,1
147.599999999996,1
147.699999999996,1
147.799999999996,1
147.899999999996,1
147.999999999996,1
148.099999999996,1
148.199999999996,1
148.299999999996,1
148.399999999996,1
148.499999999996,1
148.599999999996,1
148.699999999996,1
148.799999999996,1
148.899999999996,1
148.999999999996,1
149.099999999996,1
149.199999999996,1
149.299999999996,1
149.399999999996,1
149.499999999996,1
149.599999999996,1
149.699999999996,1
149.799999999996,1
149.899999999996,1
149.999999999996,1
150.099999999996,1
150.199999999996,1
150.299999999996,1
150.399999999996,1
150.499999999996,1
150.599999999996,1
150.699999999996,1
150.799999999996,1
150.899999999996,1
150.999999999996,1
151.099999999996,1
151.199999999996,1
151.299999999996,1
151.399999999996,1
151.499999999996,1
151.599999999996,1
151.699999999996,1
151.799999999996,1
151.899999999996,1
151.999999999996,1
152.099999999996,1
152.199999999996,1
152.299999999996,1
152.399999999996,1
152.499999999996,1
152.599999999996,1
152.699999999996,1
152.799999999996,1
152.899999999996,1
152.999999999996,1
153.099999999996,1
153.199999999996,1
153.299999999996,1
153.399999999996,1
153.499999999996,1
153.599999999996,1
153.699999999996,1
153.799999999996,1
153.899999999996,1
153.999999999996,1
154.099999999996,1
154.199999999996,1
154.299999999996,1
154.399999999996,1
154.499999999996,1
154.599999999996,1
154.699999999995,1
154.799999999995,1
154.899999999995,1
154.999999999995,1
155.099999999995,1
155.199999999995,1
155.299999999995,1
155.399999999995,1
155.499999999995,1
155.599999999995,1
155.699999999995,1
155.799999999995,1
155.899999999995,1
155.999999999995,1
156.099999999995,1
156.199999999995,1
156.299999999995,1
156.399999999995,1
156.499999999995,1
156.599999999995,1
156.699999999995,1
156.799999999995,1
156.899999999995,1
156.999999999995,1
157.099999999995,1
157.199999999995,1
157.299999999995,1
157.399999999995,1
157.499999999995,1
157.599999999995,1
157.699999999995,1
157.799999999995,1
157.899999999995,1
157.999999999995,1
158.099999999995,1
158.199999999995,1
158.299999999995,1
158.399999999995,1
158.499999999995,1
158.599999999995,1
158.699999999995,1
158.799999999995,1
158.899999999995,1
158.999999999995,1
159.099999999995,1
159.199999999995,1
159.299999999995,1
159.399999999995,1
159.499999999995,1
159.599999999995,1
159.699999999995,1
159.799999999995,1
159.899999999995,1
159.999999999995,1
160.099999999995,1
160.199999999995,1
160.299999999995,1
160.399999999995,1
160.499999999995,1
160.599999999995,1
160.699999999995,1
160.799999999995,1
160.899999999995,1
160.999999999995,1
161.099999999995,1
161.199999999995,1
161.299999999995,1
161.399999999995,1
161.499999999995,1
161.599999999995,1
161.699999999995,1
161.799999999995,1
161.899999999995,1
161.999999999995,1
162.099999999995,1
162.199999999995,1
162.299999999995,1
162.399999999995,1
162.499999999995,1
162.599999999995,1
162.699999999995,1
162.799999999995,1
162.899999999995,1
162.999999999995,1
163.099999999995,1
163.199999999995,1
163.299999999995,1
163.399999999995,1
163.499999999995,1
163.599999999995,1
163.699999999995,1
163.799999999995,1
163.899999999995,1
163.999999999995,1
164.099999999995,1
164.199999999995,1
164.299999999995,1
164.399999999995,1
164.499999999995,1
164.599999999995,1
164.699999999995,1
164.799999999995,1
164.899999999995,1
164.999999999995,1
165.099999999995,1
165.199999999995,1
165.299999999995,1
165.399999999995,1
165.499999999995,1
165.599999999995,1
165.699999999995,1
165.799999999995,1
165.899999999995,1
165.999999999995,1
166.099999999995,1
166.199999999995,1
166.299999999995,1
166.399999999995,1
166.499999999995,1
166.599999999995,1
166.699999999995,1
166.799999999995,1
166.899999999995,1
166.999999999995,1
167.099999999995,1
167.199999999995,1
167.299999999995,1
167.399999999995,1
167.499999999995,1
167.599999999995,1
167.699999999995,1
167.799999999995,1
167.899999999995,1
167.999999999995,1
168.099999999995,1
168.199999999995,1
168.299999999995,1
168.399999999995,1
168.499999999995,1
168.599999999995,1
168.699999999995,1
168.799999999995,1
168.899999999995,1
168.999999999995,1
169.099999999995,1
169.199999999995,1
169.299999999995,1
169.399999999995,1
169.499999999995,1
169.599999999995,1
169.699999999995,1
169.799999999995,1
169.899999999995,1
169.999999999995,1
170.099999999995,1
170.199999999995,1
170.299999999995,1
170.399999999995,1
170.499999999995,1
170.599999999995,1
170.699999999995,1
170.799999999995,1
170.899999999995,1
170.999999999995,1
171.099999999995,1
171.199999999995,1
171.299999999995,1
171.399999999995,1
171.499999999995,1
171.599999999995,1
171.699999999995,1
171.799999999995,1
171.899999999995,1
171.999999999995,1
172.099999999995,1
172.199999999995,1
172.299999999994,1
172.399999999994,1
172.499999999994,1
172.599999999994,1
172.699999999994,1
172.799999999994,1
172.899999999994,1
172.999999999994,1
173.099999999994,1
173.199999999994,1
173.299999999994,1
173.399999999994,1
173.499999999994,1
173.599999999994,1
173.699999999994,1
173.799999999994,1
173.899999999994,1
173.999999999994,1
174.099999999994,1
174.199999999994,1
174.299999999994,1
174.399999999994,1
174.499999999994,1
174.599999999994,1
174.699999999994,1
174.799999999994,1
174.899999999994,1
174.999999999994,1
175.099999999994,1
175.199999999994,1
175.299999999994,1
175.399999999994,1
175.499999999994,1
175.599999999994,1
175.699999999994,1
175.799999999994,1
175.899999999994,1
175.999999999994,1
176.099999999994,1
176.199999999994,1
176.299999999994,1
176.399999999994,1
176.499999999994,1
176.599999999994,1
176.699999999994,1
176.799999999994,1
176.899999999994,1
176.999999999994,1
177.099999999994,1
177.199999999994,1
177.299999999994,1
177.399999999994,1
177.499999999994,1
177.599999999994,1
177.699999999994,1
177.799999999994,1
177.899999999994,1
177.999999999994,1
178.099999999994,1
178.199999999994,1
178.299999999994,1
178.399999999994,1
178.499999999994,1
178.599999999994,1
178.699999999994,1
178.799999999994,1
178.899999999994,1
178.999999999994,1
179.099999999994,1
179.199999999994,1
179.299999999994,1
179.399999999994,1
179.499999999994,1
179.599999999994,1
179.699999999994,1
179.799999999994,1
179.899999999994,1
179.999999999994,1
180.099999999994,1
180.199999999994,1
180.299999999994,1
180.399999999994,1
180.499999999994,1
180.599999999994,1
180.699999999994,1
180.799999999994,1
180.899999999994,1
180.999999999994,1
181.099999999994,1
181.199999999994,1
181.299999999994,1
181.399999999994,1
181.499999999994,1
181.599999999994,1
181.699999999994,1
181.799999999994,1
181.899999999994,1
181.999999999994,1
182.099999999994,1
182.199999999994,1
182.299999999994,1
182.399999999994,1
182.499999999994,1
182.599999999994,1
182.699999999994,1
182.799999999994,1
182.899999999994,1
182.999999999994,1
183.099999999994,1
183.199999999994,1
183.299999999994,1
183.399999999994,1
183.499999999994,1
183.599999999994,1
183.699999999994,1
183.799999999994,1
183.899999999994,1
183.999999999994,1
184.099999999994,1
184.199999999994,1
184.299999999994,1
184.399999999994,1
184.499999999994,1
184.599999999994,1
184.699999999994,1
184.799999999994,1
184.899999999994,1
184.999999999994,1
185.099999999994,1
185.199999999994,1
185.299999999994,1
185.399999999994,1
185.499999999994,1
185.599999999994,1
185.699999999994,1
185.799999999994,1
185.899999999994,1
185.999999999994,1
186.099999999994,1
186.199999999994,1
186.299999999994,1
186.399999999994,1
186.499999999994,1
186.599999999994,1
186.699999999994,1
186.799999999994,1
186.899999999994,1
186.999999999994,1
187.099999999994,1
187.199999999994,1
187.299999999994,1
187.399999999994,1
187.499999999994,1
187.599999999994,1
187.699999999994,1
187.799999999994,1
187.899999999994,1
187.999999999994,1
188.099999999994,1
188.199999999994,1
188.299999999994,1
188.399999999994,1
188.499999999994,1
188.599999999994,1
188.699999999994,1
188.799999999994,1
188.899999999994,1
188.999999999994,1
189.099999999994,1
189.199999999994,1
189.299999999994,1
189.399999999994,1
189.499999999994,1
189.599999999994,1
189.699999999994,1
189.799999999994,1
189.899999999993,1
189.999999999993,1
190.099999999993,1
190.199999999993,1
190.299999999993,1
190.399999999993,1
190.499999999993,1
190.599999999993,1
190.699999999993,1
190.799999999993,1
190.899999999993,1
190.999999999993,1
191.099999999993,1
191.199999999993,1
191.299999999993,1
191.399999999993,1
191.499999999993,1
191.599999999993,1
191.699999999993,1
191.799999999993,1
191.899999999993,1
191.999999999993,1
192.099999999993,1
192.199999999993,1
192.299999999993,1
192.399999999993,1
192.499999999993,1
192.599999999993,1
192.699999999993,1
192.799999999993,1
192.899999999993,1
192.999999999993,1
193.099999999993,1
193.199999999993,1
193.299999999993,1
193.399999999993,1
193.499999999993,1
193.599999999993,1
193.699999999993,1
193.799999999993,1
193.899999999993,1
193.999999999993,1
194.099999999993,1
194.199999999993,1
194.299999999993,1
194.399999999993,1
194.499999999993,1
194.599999999993,1
194.699999999993,1
194.799999999993,1
194.899999999993,1
194.999999999993,1
195.099999999993,1
195.199999999993,1
195.299999999993,1
195.399999999993,1
195.499999999993,1
195.599999999993,1
195.699999999993,1
195.799999999993,1
195.899999999993,1
195.999999999993,1
196.099999999993,1
196.199999999993,1
196.299999999993,1
196.399999999993,1
196.499999999993,1
196.599999999993,1
196.699999999993,1
196.799999999993,1
196.899999999993,1
196.999999999993,1
197.099999999993,1
197.199999999993,1
197.299999999993,1
197.399999999993,1
197.499999999993,1
197.599999999993,1
197.699999999993,1
197.799999999993,1
197.899999999993,1
197.999999999993,1
198.099999999993,1
198.199999999993,1
198.299999999993,1
198.399999999993,1
198.499999999993,1
198.599999999993,1
198.699999999993,1
198.799999999993,1
198.899999999993,1
198.999999999993,1
199.099999999993,1
199.199999999993,1
199.299999999993,1
199.399999999993,1
199.499999999993,1
199.599999999993,1
199.699999999993,1
199.799999999993,1
199.899999999993,1
199.999999999993,1
200.099999999993,1
200.199999999993,1
200.299999999993,1
200.399999999993,1
200.499999999993,1
200.599999999993,1
200.699999999993,1
200.799999999993,1
200.899999999993,1
200.999999999993,1
201.099999999993,1
201.199999999993,1
201.299999999993,1
201.399999999993,1
201.499999999993,1
201.599999999993,1
201.699999999993,1
201.799999999993,1
201.899999999993,1
201.999999999993,1
202.099999999993,1
202.199999999993,1
202.299999999993,1
202.399999999993,1
202.499999999993,1
202.599999999993,1
202.699999999993,1
202.799999999993,1
202.899999999993,1
202.999999999993,1
203.099999999993,1
203.199999999993,1
203.299999999993,1
203.399999999993,1
203.499999999993,1
203.599999999993,1
203.699999999993,1
203.799999999993,1
203.899999999993,1
203.999999999993,1
204.099999999993,1
204.199999999993,1
204.299999999993,1
204.399999999993,1
204.499999999993,1
204.599999999993,1
204.699999999993,1
204.799999999993,1
204.899999999993,1
204.999999999993,1
205.099999999993,1
205.199999999993,1
205.299999999993,1
205.399999999993,1
205.499999999993,1
205.599999999993,1
205.699999999993,1
205.799999999993,1
205.899999999993,1
205.999999999993,1
206.099999999993,1
206.199999999993,1
206.299999999993,1
206.399999999993,1
206.499999999993,1
206.599999999993,1
206.699999999993,1
206.799999999993,1
206.899999999993,1
206.999999999993,1
207.099999999993,1
207.199999999993,1
207.299999999993,1
207.399999999993,1
207.499999999992,1
207.599999999992,1
207.699999999992,1
207.799999999992,1
207.899999999992,1
207.999999999992,1
208.099999999992,1
208.199999999992,1
208.299999999992,1
208.399999999992,1
208.499999999992,1
208.599999999992,1
208.699999999992,1
208.799999999992,1
208.899999999992,1
208.999999999992,1
209.099999999992,1
209.199999999992,1
209.299999999992,1
209.399999999992,1
209.499999999992,1
209.599999999992,1
209.699999999992,1
209.799999999992,1
209.899999999992,1
209.999999999992,1
210.099999999992,1
210.199999999992,1
210.299999999992,1
210.399999999992,1
210.499999999992,1
210.599999999992,1
210.699999999992,1
210.799999999992,1
210.899999999992,1
210.999999999992,1
211.099999999992,1
211.199999999992,1
211.299999999992,1
211.399999999992,1
211.499999999992,1
211.599999999992,1
211.699999999992,1
211.799999999992,1
211.899999999992,1
211.999999999992,1
212.099999999992,1
212.199999999992,1
212.299999999992,1
212.399999999992,1
212.499999999992,1
212.599999999992,1
212.699999999992,1
212.799999999992,1
212.899999999992,1
212.999999999992,1
213.099999999992,1
213.199999999992,1
213.299999999992,1
213.399999999992,1
213.499999999992,1
213.599999999992,1
213.699999999992,1
213.799999999992,1
213.899999999992,1
213.999999999992,1
214.099999999992,1
214.199999999992,1
214.299999999992,1
214.399999999992,1
214.499999999992,1
214.599999999992,1
214.699999999992,1
214.799999999992,1
214.899999999992,1
214.999999999992,1
215.099999999992,1
215.199999999992,1
215.299999999992,1
215.399999999992,1
215.499999999992,1
215.599999999992,1
215.699999999992,1
215.799999999992,1
215.899999999992,1
215.999999999992,1
216.099999999992,1
216.199999999992,1
216.299999999992,1
216.399999999992,1
216.499999999992,1
216.599999999992,1
216.699999999992,1
216.799999999992,1
216.899999999992,1
216.999999999992,1
217.099999999992,1
217.199999999992,1
217.299999999992,1
217.399999999992,1
217.499999999992,1
217.599999999992,1
217.699999999992,1
217.799999999992,1
217.899999999992,1
217.999999999992,1
218.099999999992,1
218.199999999992,1
218.299999999992,1
218.399999999992,1
218.499999999992,1
218.599999999992,1
218.699999999992,1
218.799999999992,1
218.899999999992,1
218.999999999992,1
219.099999999992,1
219.199999999992,1
219.299999999992,1
219.399999999992,1
219.499999999992,1
219.599999999992,1
219.699999999992,1
219.799999999992,1
219.899999999992,1
219.999999999992,1
220.099999999992,1
220.199999999992,1
220.299999999992,1
220.399999999992,1
220.499999999992,1
220.599999999992,1
220.699999999992,1
220.799999999992,1
220.899999999992,1
220.999999999992,1
221.099999999992,1
221.199999999992,1
221.299999999992,1
221.399999999992,1
221.499999999992,1
221.599999999992,1
221.699999999992,1
221.799999999992,1
221.899999999992,1
221.999999999992,1
222.099999999992,1
222.199999999992,1
222.299999999992,1
222.399999999992,1
222.499999999992,1
222.599999999992,1
222.699999999992,1
222.799999999992,1
222.899999999992,1
222.999999999992,1
223.099999999992,1
223.199999999992,1
223.299999999992,1
223.399999999992,1
223.499999999992,1
223.599999999992,1
223.699999999992,1
223.799999999992,1
223.899999999992,1
223.999999999992,1
224.099999999992,1
224.199999999992,1
224.299999999992,1
224.399999999992,1
224.499999999992,1
224.599999999992,1
224.699999999992,1
224.799999999992,1
224.899999999992,1
224.999999999992,1
225.099999999991,1
225.199999999991,1
225.299999999991,1
225.399999999991,1
225.499999999991,1
225.599999999991,1
225.699999999991,1
225.799999999991,1
225.899999999991,1
225.999999999991,1
226.099999999991,1
226.199999999991,1
226.299999999991,1
226.399999999991,1
226.499999999991,1
226.599999999991,1
226.699999999991,1
226.799999999991,1
226.899999999991,1
226.999999999991,1
227.099999999991,1
227.199999999991,1
227.299999999991,1
227.399999999991,1
227.499999999991,1
227.599999999991,1
227.699999999991,1
227.799999999991,1
227.899999999991,1
227.999999999991,1
228.099999999991,1
228.199999999991,1
228.299999999991,1
228.399999999991,1
228.499999999991,1
228.599999999991,1
228.699999999991,1
228.799999999991,1
228.899999999991,1
228.999999999991,1
229.099999999991,1
229.199999999991,1
229.299999999991,1
229.399999999991,1
229.499999999991,1
229.599999999991,1
229.699999999991,1
229.799999999991,1
229.899999999991,1
229.999999999991,1
230.099999999991,1
230.199999999991,1
230.299999999991,1
230.399999999991,1
230.499999999991,1
230.599999999991,1
230.699999999991,1
230.799999999991,1
230.899999999991,1
230.999999999991,1
231.099999999991,1
231.199999999991,1
231.299999999991,1
231.399999999991,1
231.499999999991,1
231.599999999991,1
231.699999999991,1
231.799999999991,1
231.899999999991,1
231.999999999991,1
232.099999999991,1
232.199999999991,1
232.299999999991,1
232.399999999991,1
232.499999999991,1
232.599999999991,1
232.699999999991,1
232.799999999991,1
232.899999999991,1
232.999999999991,1
233.099999999991,1
233.199999999991,1
233.299999999991,1
233.399999999991,1
233.499999999991,1
233.599999999991,1
233.699999999991,1
233.799999999991,1
233.899999999991,1
233.999999999991,1
234.099999999991,1
234.199999999991,1
234.299999999991,1
234.399999999991,1
234.499999999991,1
234.599999999991,1
234.699999999991,1
234.799999999991,1
234.899999999991,1
234.999999999991,1
235.099999999991,1
235.199999999991,1
235.299999999991,1
235.399999999991,1
235.499999999991,1
235.599999999991,1
235.699999999991,1
235.799999999991,1
235.899999999991,1
235.999999999991,1
236.099999999991,1
236.199999999991,1
236.299999999991,1
236.399999999991,1
236.499999999991,1
236.599999999991,1
236.699999999991,1
236.799999999991,1
236.899999999991,1
236.999999999991,1
237.099999999991,1
237.199999999991,1
237.299999999991,1
237.399999999991,1
237.499999999991,1
237.599999999991,1
237.699999999991,1
237.799999999991,1
237.899999999991,1
237.999999999991,1
238.099999999991,1
238.199999999991,1
238.299999999991,1
238.399999999991,1
238.499999999991,1
238.599999999991,1
238.699999999991,1
238.799999999991,1
238.899999999991,1
238.999999999991,1
239.099999999991,1
239.199999999991,1
239.299999999991,1
239.399999999991,1
239.499999999991,1
239.599999999991,1
239.699999999991,1
239.799999999991,1
239.899999999991,1
239.999999999991,1
240.099999999991,1
240.199999999991,1
240.299999999991,1
240.399999999991,1
240.499999999991,1
240.599999999991,1
240.699999999991,1
240.799999999991,1
240.899999999991,1
240.999999999991,1
241.099999999991,1
241.199999999991,1
241.299999999991,1
241.399999999991,1
241.499999999991,1
241.599999999991,1
241.699999999991,1
241.799999999991,1
241.899999999991,1
241.999999999991,1
242.099999999991,1
242.199999999991,1
242.299999999991,1
242.399999999991,1
242.499999999991,1
242.599999999991,1
242.69999999999,1
242.79999999999,1
242.89999999999,1
242.99999999999,1
243.09999999999,1
243.19999999999,1
243.29999999999,1
243.39999999999,1
243.49999999999,1
243.59999999999,1
243.69999999999,1
243.79999999999,1
243.89999999999,1
243.99999999999,1
244.09999999999,1
244.19999999999,1
244.29999999999,1
244.39999999999,1
244.49999999999,1
244.59999999999,1
244.69999999999,1
244.79999999999,1
244.89999999999,1
244.99999999999,1
245.09999999999,1
245.19999999999,1
245.29999999999,1
245.39999999999,1
245.49999999999,1
245.59999999999,1
245.69999999999,1
245.79999999999,1
245.89999999999,1
245.99999999999,1
246.09999999999,1
246.19999999999,1
246.29999999999,1
246.39999999999,1
246.49999999999,1
246.59999999999,1
246.69999999999,1
246.79999999999,1
246.89999999999,1
246.99999999999,1
247.09999999999,1
247.19999999999,1
247.29999999999,1
247.39999999999,1
247.49999999999,1
247.59999999999,1
247.69999999999,1
247.79999999999,1
247.89999999999,1
247.99999999999,1
248.09999999999,1
248.19999999999,1
248.29999999999,1
248.39999999999,1
248.49999999999,1
248.59999999999,1
248.69999999999,1
248.79999999999,1
248.89999999999,1
248.99999999999,1
249.09999999999,1
249.19999999999,1
249.29999999999,1
249.39999999999,1
249.49999999999,1
249.59999999999,1
249.69999999999,1
249.79999999999,1
249.89999999999,1
249.99999999999,1
250.09999999999,1
250.19999999999,1
250.29999999999,1
250.39999999999,1
250.49999999999,1
250.59999999999,1
250.69999999999,1
250.79999999999,1
250.89999999999,1
250.99999999999,1
251.09999999999,1
251.19999999999,1
251.29999999999,1
251.39999999999,1
251.49999999999,1
251.59999999999,1
251.69999999999,1
251.79999999999,1
251.89999999999,1
251.99999999999,1
252.09999999999,1
252.19999999999,1
252.29999999999,1
252.39999999999,1
252.49999999999,1
252.59999999999,1
252.69999999999,1
252.79999999999,1
252.89999999999,1
252.99999999999,1
253.09999999999,1
253.19999999999,1
253.29999999999,1
253.39999999999,1
253.49999999999,1
253.59999999999,1
253.69999999999,1
253.79999999999,1
253.89999999999,1
253.99999999999,1
254.09999999999,1
254.19999999999,1
254.29999999999,1
254.39999999999,1
254.49999999999,1
254.59999999999,1
254.69999999999,1
254.79999999999,1
254.89999999999,1
254.99999999999,1
255.09999999999,1
255.19999999999,1
255.29999999999,1
255.39999999999,1
255.49999999999,1
255.59999999999,1
255.69999999999,1
255.79999999999,1
255.89999999999,1
255.99999999999,1
256.09999999999,1
256.19999999999,1
256.29999999999,1
256.39999999999,1
256.49999999999,1
256.59999999999,1
256.69999999999,1
256.79999999999,1
256.89999999999,1
256.99999999999,1
257.09999999999,1
257.19999999999,1
257.29999999999,1
257.39999999999,1
257.49999999999,1
257.59999999999,1
257.69999999999,1
257.79999999999,1
257.89999999999,1
257.99999999999,1
258.09999999999,1
258.19999999999,1
258.29999999999,1
258.39999999999,1
258.49999999999,1
258.59999999999,1
258.69999999999,1
258.79999999999,1
258.89999999999,1
258.99999999999,1
259.09999999999,1
259.19999999999,1
259.29999999999,1
259.39999999999,1
259.499999999991,1
259.599999999991,1
259.699999999991,1
259.799999999991,1
259.899999999991,1
259.999999999991,1
260.099999999991,1
260.199999999991,1
260.299999999991,1
260.399999999991,1
260.499999999991,1
260.599999999991,1
260.699999999991,1
260.799999999991,1
260.899999999991,1
260.999999999991,1
261.099999999991,1
261.199999999991,1
261.299999999991,1
261.399999999991,1
261.499999999991,1
261.599999999991,1
261.699999999991,1
261.799999999991,1
261.899999999991,1
261.999999999991,1
262.099999999991,1
262.199999999991,1
262.299999999991,1
262.399999999991,1
262.499999999991,1
262.599999999991,1
262.699999999991,1
262.799999999991,1
262.899999999991,1
262.999999999991,1
263.099999999991,1
263.199999999991,1
263.299999999991,1
263.399999999991,1
263.499999999991,1
263.599999999991,1
263.699999999991,1
263.799999999991,1
263.899999999992,1
263.999999999992,1
264.099999999992,1
264.199999999992,1
264.299999999992,1
264.399999999992,1
264.499999999992,1
264.599999999992,1
264.699999999992,1
264.799999999992,1
264.899999999992,1
264.999999999992,1
265.099999999992,1
265.199999999992,1
265.299999999992,1
265.399999999992,1
265.499999999992,1
265.599999999992,1
265.699999999992,1
265.799999999992,1
265.899999999992,1
265.999999999992,1
266.099999999992,1
266.199999999992,1
266.299999999992,1
266.399999999992,1
266.499999999992,1
266.599999999992,1
266.699999999992,1
266.799999999992,1
266.899999999992,1
266.999999999992,1
267.099999999992,1
267.199999999992,1
267.299999999992,1
267.399999999992,1
267.499999999992,1
267.599999999992,1
267.699999999992,1
267.799999999992,1
267.899999999992,1
267.999999999992,1
268.099999999992,1
268.199999999992,1
268.299999999993,1
268.399999999993,1
268.499999999993,1
268.599999999993,1
268.699999999993,1
268.799999999993,1
268.899999999993,1
268.999999999993,1
269.099999999993,1
269.199999999993,1
269.299999999993,1
269.399999999993,1
269.499999999993,1
269.599999999993,1
269.699999999993,1
269.799999999993,1
269.899999999993,1
269.999999999993,1
270.099999999993,1
270.199999999993,1
270.299999999993,1
270.399999999993,1
270.499999999993,1
270.599999999993,1
270.699999999993,1
270.799999999993,1
270.899999999993,1
270.999999999993,1
271.099999999993,1
271.199999999993,1
271.299999999993,1
271.399999999993,1
271.499999999993,1
271.599999999993,1
271.699999999993,1
271.799999999993,1
271.899999999993,1
271.999999999993,1
272.099999999993,1
272.199999999993,1
272.299999999993,1
272.399999999993,1
272.499999999993,1
272.599999999993,1
272.699999999994,1
272.799999999994,1
272.899999999994,1
272.999999999994,1
273.099999999994,1
273.199999999994,1
273.299999999994,1
273.399999999994,1
273.499999999994,1
273.599999999994,1
273.699999999994,1
273.799999999994,1
273.899999999994,1
273.999999999994,1
274.099999999994,1
274.199999999994,1
274.299999999994,1
274.399999999994,1
274.499999999994,1
274.599999999994,1
274.699999999994,1
274.799999999994,1
274.899999999994,1
274.999999999994,1
275.099999999994,1
275.199999999994,1
275.299999999994,1
275.399999999994,1
275.499999999994,1
275.599999999994,1
275.699999999994,1
275.799999999994,1
275.899999999994,1
275.999999999994,1
276.099999999994,1
276.199999999994,1
276.299999999994,1
276.399999999994,1
276.499999999994,1
276.599999999994,1
276.699999999994,1
276.799999999994,1
276.899999999994,1
276.999999999994,1
277.099999999995,1
277.199999999995,1
277.299999999995,1
277.399999999995,1
277.499999999995,1
277.599999999995,1
277.699999999995,1
277.799999999995,1
277.899999999995,1
277.999999999995,1
278.099999999995,1
278.199999999995,1
278.299999999995,1
278.399999999995,1
278.499999999995,1
278.599999999995,1
278.699999999995,1
278.799999999995,1
278.899999999995,1
278.999999999995,1
279.099999999995,1
279.199999999995,1
279.299999999995,1
279.399999999995,1
279.499999999995,1
279.599999999995,1
279.699999999995,1
279.799999999995,1
279.899999999995,1
279.999999999995,1
280.099999999995,1
280.199999999995,1
280.299999999995,1
280.399999999995,1
280.499999999995,1
280.599999999995,1
280.699999999995,1
280.799999999995,1
280.899999999995,1
280.999999999995,1
281.099999999995,1
281.199999999995,1
281.299999999995,1
281.399999999995,1
281.499999999996,1
281.599999999996,1
281.699999999996,1
281.799999999996,1
281.899999999996,1
281.999999999996,1
282.099999999996,1
282.199999999996,1
282.299999999996,1
282.399999999996,1
282.499999999996,1
282.599999999996,1
282.699999999996,1
282.799999999996,1
282.899999999996,1
282.999999999996,1
283.099999999996,1
283.199999999996,1
283.299999999996,1
283.399999999996,1
283.499999999996,1
283.599999999996,1
283.699999999996,1
283.799999999996,1
283.899999999996,1
283.999999999996,1
284.099999999996,1
284.199999999996,1
284.299999999996,1
284.399999999996,1
284.499999999996,1
284.599999999996,1
284.699999999996,1
284.799999999996,1
284.899999999996,1
284.999999999996,1
285.099999999996,1
285.199999999996,1
285.299999999996,1
285.399999999996,1
285.499999999996,1
285.599999999996,1
285.699999999996,1
285.799999999996,1
285.899999999997,1
285.999999999997,1
286.099999999997,1
286.199999999997,1
286.299999999997,1
286.399999999997,1
286.499999999997,1
286.599999999997,1
286.699999999997,1
286.799999999997,1
286.899999999997,1
286.999999999997,1
287.099999999997,1
287.199999999997,1
287.299999999997,1
287.399999999997,1
287.499999999997,1
287.599999999997,1
287.699999999997,1
287.799999999997,1
287.899999999997,1
287.999999999997,1
288.099999999997,1
288.199999999997,1
288.299999999997,1
288.399999999997,1
288.499999999997,1
288.599999999997,1
288.699999999997,1
288.799999999997,1
288.899999999997,1
288.999999999997,1
289.099999999997,1
289.199999999997,1
289.299999999997,1
289.399999999997,1
289.499999999997,1
289.599999999997,1
289.699999999997,1
289.799999999997,1
289.899999999997,1
289.999999999997,1
290.099999999997,1
290.199999999997,1
290.299999999998,1
290.399999999998,1
290.499999999998,1
290.599999999998,1
290.699999999998,1
290.799999999998,1
290.899999999998,1
290.999999999998,1
291.099999999998,1
291.199999999998,1
291.299999999998,1
291.399999999998,1
291.499999999998,1
291.599999999998,1
291.699999999998,1
291.799999999998,1
291.899999999998,1
291.999999999998,1
292.099999999998,1
292.199999999998,1
292.299999999998,1
292.399999999998,1
292.499999999998,1
292.599999999998,1
292.699999999998,1
292.799999999998,1
292.899999999998,1
292.999999999998,1
293.099999999998,1
293.199999999998,1
293.299999999998,1
293.399999999998,1
293.499999999998,1
293.599999999998,1
293.699999999998,1
293.799999999998,1
293.899999999998,1
293.999999999998,1
294.099999999998,1
294.199999999998,1
294.299999999998,1
294.399999999998,1
294.499999999998,1
294.599999999998,1
294.699999999999,1
294.799999999999,1
294.899999999999,1
294.999999999999,1
295.099999999999,1
295.199999999999,1
295.299999999999,1
295.399999999999,1
295.499999999999,1
295.599999999999,1
295.699999999999,1
295.799999999999,1
295.899999999999,1
295.999999999999,1
296.099999999999,1
296.199999999999,1
296.299999999999,1
296.399999999999,1
296.499999999999,1
296.599999999999,1
296.699999999999,1
296.799999999999,1
296.899999999999,1
296.999999999999,1
297.099999999999,1
297.199999999999,1
297.299999999999,1
297.399999999999,1
297.499999999999,1
297.599999999999,1
297.699999999999,1
297.799999999999,1
297.899999999999,1
297.999999999999,1
298.099999999999,1
298.199999999999,1
298.299999999999,1
298.399999999999,1
298.499999999999,1
298.599999999999,1
298.699999999999,1
298.799999999999,1
298.899999999999,1
298.999999999999,1
299.1,1
299.2,1
299.3,1
299.4,1
299.5,1
299.6,1
299.7,1
299.8,1
299.9,1
300,1
300.1,1
300.2,1
300.3,1
300.4,1
300.5,1
300.6,1
300.7,1
300.8,1
300.9,1
301,1
301.1,1
301.2,1
301.3,1
301.4,1
301.5,1
301.6,1
301.7,1
301.8,1
301.9,1
302,1
302.1,1
302.2,1
302.3,1
302.4,1
302.5,1
302.6,1
302.7,1
302.8,1
302.9,1
303,1
303.1,1
303.2,1
303.3,1
303.4,1
303.500000000001,1
303.600000000001,1
303.700000000001,1
303.800000000001,1
303.900000000001,1
304.000000000001,1
304.100000000001,1
304.200000000001,1
304.300000000001,1
304.400000000001,1
304.500000000001,1
304.600000000001,1
304.700000000001,1
304.800000000001,1
304.900000000001,1
305.000000000001,1
305.100000000001,1
305.200000000001,1
305.300000000001,1
305.400000000001,1
305.500000000001,1
305.600000000001,1
305.700000000001,1
305.800000000001,1
305.900000000001,1
306.000000000001,1
306.100000000001,1
306.200000000001,1
306.300000000001,1
306.400000000001,1
306.500000000001,1
306.600000000001,1
306.700000000001,1
306.800000000001,1
306.900000000001,1
307.000000000001,1
307.100000000001,1
307.200000000001,1
307.300000000001,1
307.400000000001,1
307.500000000001,1
307.600000000001,1
307.700000000001,1
307.800000000001,1
307.900000000002,1
308.000000000002,1
308.100000000002,1
308.200000000002,1
308.300000000002,1
308.400000000002,1
308.500000000002,1
308.600000000002,1
308.700000000002,1
308.800000000002,1
308.900000000002,1
309.000000000002,1
309.100000000002,1
309.200000000002,1
309.300000000002,1
309.400000000002,1
309.500000000002,1
309.600000000002,1
309.700000000002,1
309.800000000002,1
309.900000000002,1
310.000000000002,1
310.100000000002,1
310.200000000002,1
310.300000000002,1
310.400000000002,1
310.500000000002,1
310.600000000002,1
310.700000000002,1
310.800000000002,1
310.900000000002,1
311.000000000002,1
311.100000000002,1
311.200000000002,1
311.300000000002,1
311.400000000002,1
311.500000000002,1
311.600000000002,1
311.700000000002,1
311.800000000002,1
311.900000000002,1
312.000000000002,1
312.100000000002,1
312.200000000002,1
312.300000000003,1
312.400000000003,1
312.500000000003,1
312.600000000003,1
312.700000000003,1
312.800000000003,1
312.900000000003,1
313.000000000003,1
313.100000000003,1
313.200000000003,1
313.300000000003,1
313.400000000003,1
313.500000000003,1
313.600000000003,1
313.700000000003,1
313.800000000003,1
313.900000000003,1
314.000000000003,1
314.100000000003,1
314.200000000003,1
314.300000000003,1
314.400000000003,1
314.500000000003,1
314.600000000003,1
314.700000000003,1
314.800000000003,1
314.900000000003,1
315.000000000003,1
315.100000000003,1
315.200000000003,1
315.300000000003,1
315.400000000003,1
315.500000000003,1
315.600000000003,1
315.700000000003,1
315.800000000003,1
315.900000000003,1
316.000000000003,1
316.100000000003,1
316.200000000003,1
316.300000000003,1
316.400000000003,1
316.500000000003,1
316.600000000003,1
316.700000000004,1
316.800000000004,1
316.900000000004,1
317.000000000004,1
317.100000000004,1
317.200000000004,1
317.300000000004,1
317.400000000004,1
317.500000000004,1
317.600000000004,1
317.700000000004,1
317.800000000004,1
317.900000000004,1
318.000000000004,1
318.100000000004,1
318.200000000004,1
318.300000000004,1
318.400000000004,1
318.500000000004,1
318.600000000004,1
318.700000000004,1
318.800000000004,1
318.900000000004,1
319.000000000004,1
319.100000000004,1
319.200000000004,1
319.300000000004,1
319.400000000004,1
319.500000000004,1
319.600000000004,1
319.700000000004,1
319.800000000004,1
319.900000000004,1
320.000000000004,1
320.100000000004,1
320.200000000004,1
320.300000000004,1
320.400000000004,1
320.500000000004,1
320.600000000004,1
320.700000000004,1
320.800000000004,1
320.900000000004,1
321.000000000004,1
321.100000000005,1
321.200000000005,1
321.300000000005,1
321.400000000005,1
321.500000000005,1
321.600000000005,1
321.700000000005,1
321.800000000005,1
321.900000000005,1
322.000000000005,1
322.100000000005,1
322.200000000005,1
322.300000000005,1
322.400000000005,1
322.500000000005,1
322.600000000005,1
322.700000000005,1
322.800000000005,1
322.900000000005,1
323.000000000005,1
323.100000000005,1
323.200000000005,1
323.300000000005,1
323.400000000005,1
323.500000000005,1
323.600000000005,1
323.700000000005,1
323.800000000005,1
323.900000000005,1
324.000000000005,1
324.100000000005,1
324.200000000005,1
324.300000000005,1
324.400000000005,1
324.500000000005,1
324.600000000005,1
324.700000000005,1
324.800000000005,1
324.900000000005,1
325.000000000005,1
325.100000000005,1
325.200000000005,1
325.300000000005,1
325.400000000005,1
325.500000000006,1
325.600000000006,1
325.700000000006,1
325.800000000006,1
325.900000000006,1
326.000000000006,1
326.100000000006,1
326.200000000006,1
326.300000000006,1
326.400000000006,1
326.500000000006,1
326.600000000006,1
326.700000000006,1
326.800000000006,1
326.900000000006,1
327.000000000006,1
327.100000000006,1
327.200000000006,1
327.300000000006,1
327.400000000006,1
327.500000000006,1
327.600000000006,1
327.700000000006,1
327.800000000006,1
327.900000000006,1
328.000000000006,1
328.100000000006,1
328.200000000006,1
328.300000000006,1
328.400000000006,1
328.500000000006,1
328.600000000006,1
328.700000000006,1
328.800000000006,1
328.900000000006,1
329.000000000006,1
329.100000000006,1
329.200000000006,1
329.300000000006,1
329.400000000006,1
329.500000000006,1
329.600000000006,1
329.700000000006,1
329.800000000006,1
329.900000000007,1
330.000000000007,1
330.100000000007,1
330.200000000007,1
330.300000000007,1
330.400000000007,1
330.500000000007,1
330.600000000007,1
330.700000000007,1
330.800000000007,1
330.900000000007,1
331.000000000007,1
331.100000000007,1
331.200000000007,1
331.300000000007,1
331.400000000007,1
331.500000000007,1
331.600000000007,1
331.700000000007,1
331.800000000007,1
331.900000000007,1
332.000000000007,1
332.100000000007,1
332.200000000007,1
332.300000000007,1
332.400000000007,1
332.500000000007,1
332.600000000007,1
332.700000000007,1
332.800000000007,1
332.900000000007,1
333.000000000007,1
333.100000000007,1
333.200000000007,1
333.300000000007,1
333.400000000007,1
333.500000000007,1
333.600000000007,1
333.700000000007,1
333.800000000007,1
333.900000000007,1
334.000000000007,1
334.100000000007,1
334.200000000007,1
334.300000000008,1
334.400000000008,1
334.500000000008,1
334.600000000008,1
334.700000000008,1
334.800000000008,1
334.900000000008,1
335.000000000008,1
335.100000000008,1
335.200000000008,1
335.300000000008,1
335.400000000008,1
335.500000000008,1
335.600000000008,1
335.700000000008,1
335.800000000008,1
335.900000000008,1
336.000000000008,1
336.100000000008,1
336.200000000008,1
336.300000000008,1
336.400000000008,1
336.500000000008,1
336.600000000008,1
336.700000000008,1
336.800000000008,1
336.900000000008,1
337.000000000008,1
337.100000000008,1
337.200000000008,1
337.300000000008,1
337.400000000008,1
337.500000000008,1
337.600000000008,1
337.700000000008,1
337.800000000008,1
337.900000000008,1
338.000000000008,1
338.100000000008,1
338.200000000008,1
338.300000000008,1
338.400000000008,1
338.500000000008,1
338.600000000008,1
338.700000000009,1
338.800000000009,1
338.900000000009,1
339.000000000009,1
339.100000000009,1
339.200000000009,1
339.300000000009,1
339.400000000009,1
339.500000000009,1
339.600000000009,1
339.700000000009,1
339.800000000009,1
339.900000000009,1
340.000000000009,1
340.100000000009,1
340.200000000009,1
340.300000000009,1
340.400000000009,1
340.500000000009,1
340.600000000009,1
340.700000000009,1
340.800000000009,1
340.900000000009,1
341.000000000009,1
341.100000000009,1
341.200000000009,1
341.300000000009,1
341.400000000009,1
341.500000000009,1
341.600000000009,1
341.700000000009,1
341.800000000009,1
341.900000000009,1
342.000000000009,1
342.100000000009,1
342.200000000009,1
342.300000000009,1
342.400000000009,1
342.500000000009,1
342.600000000009,1
342.700000000009,1
342.800000000009,1
342.900000000009,1
343.000000000009,1
343.10000000001,1
343.20000000001,1
343.30000000001,1
343.40000000001,1
343.50000000001,1
343.60000000001,1
343.70000000001,1
343.80000000001,1
343.90000000001,1
344.00000000001,1
344.10000000001,1
344.20000000001,1
344.30000000001,1
344.40000000001,1
344.50000000001,1
344.60000000001,1
344.70000000001,1
344.80000000001,1
344.90000000001,1
345.00000000001,1
345.10000000001,1
345.20000000001,1
345.30000000001,1
345.40000000001,1
345.50000000001,1
345.60000000001,1
345.70000000001,1
345.80000000001,1
345.90000000001,1
346.00000000001,1
346.10000000001,1
346.20000000001,1
346.30000000001,1
346.40000000001,1
346.50000000001,1
346.60000000001,1
346.70000000001,1
346.80000000001,1
346.90000000001,1
347.00000000001,1
347.10000000001,1
347.20000000001,1
347.30000000001,1
347.40000000001,1
347.500000000011,1
347.600000000011,1
347.700000000011,1
347.800000000011,1
347.900000000011,1
348.000000000011,1
348.100000000011,1
348.200000000011,1
348.300000000011,1
348.400000000011,1
348.500000000011,1
348.600000000011,1
348.700000000011,1
348.800000000011,1
348.900000000011,1
349.000000000011,1
349.100000000011,1
349.200000000011,1
349.300000000011,1
349.400000000011,1
349.500000000011,1
349.600000000011,1
349.700000000011,1
349.800000000011,1
349.900000000011,1
350.000000000011,1
350.100000000011,1
350.200000000011,1
350.300000000011,1
350.400000000011,1
350.500000000011,1
350.600000000011,1
350.700000000011,1
350.800000000011,1
350.900000000011,1
351.000000000011,1
351.100000000011,1
351.200000000011,1
351.300000000011,1
351.400000000011,1
351.500000000011,1
351.600000000011,1
351.700000000011,1
351.800000000011,1
351.900000000012,1
352.000000000012,1
352.100000000012,1
352.200000000012,1
352.300000000012,1
352.400000000012,1
352.500000000012,1
352.600000000012,1
352.700000000012,1
352.800000000012,1
352.900000000012,1
353.000000000012,1
353.100000000012,1
353.200000000012,1
353.300000000012,1
353.400000000012,1
353.500000000012,1
353.600000000012,1
353.700000000012,1
353.800000000012,1
353.900000000012,1
354.000000000012,1
354.100000000012,1
354.200000000012,1
354.300000000012,1
354.400000000012,1
354.500000000012,1
354.600000000012,1
354.700000000012,1
354.800000000012,1
354.900000000012,1
355.000000000012,1
355.100000000012,1
355.200000000012,1
355.300000000012,1
355.400000000012,1
355.500000000012,1
355.600000000012,1
355.700000000012,1
355.800000000012,1
355.900000000012,1
356.000000000012,1
356.100000000012,1
356.200000000012,1
356.300000000013,1
356.400000000013,1
356.500000000013,1
356.600000000013,1
356.700000000013,1
356.800000000013,1
356.900000000013,1
357.000000000013,1
357.100000000013,1
357.200000000013,1
357.300000000013,1
357.400000000013,1
357.500000000013,1
357.600000000013,1
357.700000000013,1
357.800000000013,1
357.900000000013,1
358.000000000013,1
358.100000000013,1
358.200000000013,1
358.300000000013,1
358.400000000013,1
358.500000000013,1
358.600000000013,1
358.700000000013,1
358.800000000013,1
358.900000000013,1
359.000000000013,1
359.100000000013,1
359.200000000013,1
359.300000000013,1
359.400000000013,1
359.500000000013,1
359.600000000013,1
359.700000000013,1
359.800000000013,1
359.900000000013,1
360.000000000013,1
360.100000000013,1
360.200000000013,1
360.300000000013,1
360.400000000013,1
360.500000000013,1
360.600000000013,1
360.700000000014,1
360.800000000014,1
360.900000000014,1
361.000000000014,1
361.100000000014,1
361.200000000014,1
361.300000000014,1
361.400000000014,1
361.500000000014,1
361.600000000014,1
361.700000000014,1
361.800000000014,1
361.900000000014,1
362.000000000014,1
362.100000000014,1
362.200000000014,1
362.300000000014,1
362.400000000014,1
362.500000000014,1
362.600000000014,1
362.700000000014,1
362.800000000014,1
362.900000000014,1
363.000000000014,1
363.100000000014,1
363.200000000014,1
363.300000000014,1
363.400000000014,1
363.500000000014,1
363.600000000014,1
363.700000000014,1
363.800000000014,1
363.900000000014,1
364.000000000014,1
364.100000000014,1
364.200000000014,1
364.300000000014,1
364.400000000014,1
364.500000000014,1
364.600000000014,1
364.700000000014,1
364.800000000014,1
364.900000000014,1
365.000000000014,1
365.100000000015,1
365.200000000015,1
365.300000000015,1
365.400000000015,1
365.500000000015,1
365.600000000015,1
365.700000000015,1
365.800000000015,1
365.900000000015,1
366.000000000015,1
366.100000000015,1
366.200000000015,1
366.300000000015,1
366.400000000015,1
366.500000000015,1
366.600000000015,1
366.700000000015,1
366.800000000015,1
366.900000000015,1
367.000000000015,1
367.100000000015,1
367.200000000015,1
367.300000000015,1
367.400000000015,1
367.500000000015,1
367.600000000015,1
367.700000000015,1
367.800000000015,1
367.900000000015,1
368.000000000015,1
368.100000000015,1
368.200000000015,1
368.300000000015,1
368.400000000015,1
368.500000000015,1
368.600000000015,1
368.700000000015,1
368.800000000015,1
368.900000000015,1
369.000000000015,1
369.100000000015,1
369.200000000015,1
369.300000000015,1
369.400000000015,1
369.500000000016,1
369.600000000016,1
369.700000000016,1
369.800000000016,1
369.900000000016,1
370.000000000016,1
370.100000000016,1
370.200000000016,1
370.300000000016,1
370.400000000016,1
370.500000000016,1
370.600000000016,1
370.700000000016,1
370.800000000016,1
370.900000000016,1
371.000000000016,1
371.100000000016,1
371.200000000016,1
371.300000000016,1
371.400000000016,1
371.500000000016,1
371.600000000016,1
371.700000000016,1
371.800000000016,1
371.900000000016,1
372.000000000016,1
372.100000000016,1
372.200000000016,1
372.300000000016,1
372.400000000016,1
372.500000000016,1
372.600000000016,1
372.700000000016,1
372.800000000016,1
372.900000000016,1
373.000000000016,1
373.100000000016,1
373.200000000016,1
373.300000000016,1
373.400000000016,1
373.500000000016,1
373.600000000016,1
373.700000000016,1
373.800000000016,1
373.900000000017,1
374.000000000017,1
374.100000000017,1
374.200000000017,1
374.300000000017,1
374.400000000017,1
374.500000000017,1
374.600000000017,1
374.700000000017,1
374.800000000017,1
374.900000000017,1
375.000000000017,1
375.100000000017,1
375.200000000017,1
375.300000000017,1
375.400000000017,1
375.500000000017,1
375.600000000017,1
375.700000000017,1
375.800000000017,1
375.900000000017,1
376.000000000017,1
376.100000000017,1
376.200000000017,1
376.300000000017,1
376.400000000017,1
376.500000000017,1
376.600000000017,1
376.700000000017,1
376.800000000017,1
376.900000000017,1
377.000000000017,1
377.100000000017,1
377.200000000017,1
377.300000000017,1
377.400000000017,1
377.500000000017,1
377.600000000017,1
377.700000000017,1
377.800000000017,1
377.900000000017,1
378.000000000017,1
378.100000000017,1
378.200000000017,1
378.300000000018,1
378.400000000018,1
378.500000000018,1
378.600000000018,1
378.700000000018,1
378.800000000018,1
378.900000000018,1
379.000000000018,1
379.100000000018,1
379.200000000018,1
379.300000000018,1
379.400000000018,1
379.500000000018,1
379.600000000018,1
379.700000000018,1
379.800000000018,1
379.900000000018,1
380.000000000018,1
380.100000000018,1
380.200000000018,1
380.300000000018,1
380.400000000018,1
380.500000000018,1
380.600000000018,1
380.700000000018,1
380.800000000018,1
380.900000000018,1
381.000000000018,1
381.100000000018,1
381.200000000018,1
381.300000000018,1
381.400000000018,1
381.500000000018,1
381.600000000018,1
381.700000000018,1
381.800000000018,1
381.900000000018,1
382.000000000018,1
382.100000000018,1
382.200000000018,1
382.300000000018,1
382.400000000018,1
382.500000000018,1
382.600000000018,1
382.700000000019,1
382.800000000019,1
382.900000000019,1
383.000000000019,1
383.100000000019,1
383.200000000019,1
383.300000000019,1
383.400000000019,1
383.500000000019,1
383.600000000019,1
383.700000000019,1
383.800000000019,1
383.900000000019,1
384.000000000019,1
384.100000000019,1
384.200000000019,1
384.300000000019,1
384.400000000019,1
384.500000000019,1
384.600000000019,1
384.700000000019,1
384.800000000019,1
384.900000000019,1
385.000000000019,1
385.100000000019,1
385.200000000019,1
385.300000000019,1
385.400000000019,1
385.500000000019,1
385.600000000019,1
385.700000000019,1
385.800000000019,1
385.900000000019,1
386.000000000019,1
386.100000000019,1
386.200000000019,1
386.300000000019,1
386.400000000019,1
386.500000000019,1
386.600000000019,1
386.700000000019,1
386.800000000019,1
386.900000000019,1
387.000000000019,1
387.10000000002,1
387.20000000002,1
387.30000000002,1
387.40000000002,1
387.50000000002,1
387.60000000002,1
387.70000000002,1
387.80000000002,1
387.90000000002,1
388.00000000002,1
388.10000000002,1
388.20000000002,1
388.30000000002,1
388.40000000002,1
388.50000000002,1
388.60000000002,1
388.70000000002,1
388.80000000002,1
388.90000000002,1
389.00000000002,1
389.10000000002,1
389.20000000002,1
389.30000000002,1
389.40000000002,1
389.50000000002,1
389.60000000002,1
389.70000000002,1
389.80000000002,1
389.90000000002,1
390.00000000002,1
390.10000000002,1
390.20000000002,1
390.30000000002,1
390.40000000002,1
390.50000000002,1
390.60000000002,1
390.70000000002,1
390.80000000002,1
390.90000000002,1
391.00000000002,1
391.10000000002,1
391.20000000002,1
391.30000000002,1
391.40000000002,1
391.500000000021,1
391.600000000021,1
391.700000000021,1
391.800000000021,1
391.900000000021,1
392.000000000021,1
392.100000000021,1
392.200000000021,1
392.300000000021,1
392.400000000021,1
392.500000000021,1
392.600000000021,1
392.700000000021,1
392.800000000021,1
392.900000000021,1
393.000000000021,1
393.100000000021,1
393.200000000021,1
393.300000000021,1
393.400000000021,1
393.500000000021,1
393.600000000021,1
393.700000000021,1
393.800000000021,1
393.900000000021,1
394.000000000021,1
394.100000000021,1
394.200000000021,1
394.300000000021,1
394.400000000021,1
394.500000000021,1
394.600000000021,1
394.700000000021,1
394.800000000021,1
394.900000000021,1
395.000000000021,1
395.100000000021,1
395.200000000021,1
395.300000000021,1
395.400000000021,1
395.500000000021,1
395.600000000021,1
395.700000000021,1
395.800000000021,1
395.900000000022,1
396.000000000022,1
396.100000000022,1
396.200000000022,1
396.300000000022,1
396.400000000022,1
396.500000000022,1
396.600000000022,1
396.700000000022,1
396.800000000022,1
396.900000000022,1
397.000000000022,1
397.100000000022,1
397.200000000022,1
397.300000000022,1
397.400000000022,1
397.500000000022,1
397.600000000022,1
397.700000000022,1
397.800000000022,1
397.900000000022,1
398.000000000022,1
398.100000000022,1
398.200000000022,1
398.300000000022,1
398.400000000022,1
398.500000000022,1
398.600000000022,1
398.700000000022,1
398.800000000022,1
398.900000000022,1
399.000000000022,1
399.100000000022,1
399.200000000022,1
399.300000000022,1
399.400000000022,1
399.500000000022,1
399.600000000022,1
399.700000000022,1
399.800000000022,1
399.900000000022,1
400.000000000022,1
