0,0
0.1,8.73196134874681e-18
0.2,2.09137406555758e-13
0.3,6.00756599346599e-11
0.4,2.89456951919584e-09
0.5,5.3447507981348e-08
0.6,5.4001040085143e-07
0.7,3.59041647060136e-06
0.8,1.75183777464419e-05
0.9,6.73128648455448e-05
1,0.00021385429195886
1.1,0.000581912481501189
1.2,0.00139245063697819
1.3,0.00299026214863137
1.4,0.00585591001295329
1.5,0.0105927880606893
1.6,0.0178855978355633
1.7,0.0284338047718891
1.8,0.042870245866267
1.9,0.0616789743773486
2,0.0851267118315606
2.1,0.113219222497081
2.2,0.145688709685317
2.3,0.182012488290298
2.4,0.221458094335485
2.5,0.263146558259124
2.6,0.30612412942204
2.7,0.349433133153645
2.8,0.392174384207286
2.9,0.433556059581765
3,0.47292657020555
3.1,0.509791320514408
3.2,0.543815038104094
3.3,0.57481249072965
3.4,0.602730914577213
3.5,0.627627469275539
3.6,0.649644662969962
3.7,0.668986108559625
3.8,0.685894312215428
3.9,0.700631556903366
4,0.713464390826016
4.1,0.724651795814213
4.2,0.73443680137039
4.3,0.743041116980131
4.4,0.750662259442182
4.5,0.757472630357645
4.6,0.76362002878434
4.7,0.76922914533314
4.8,0.774403660540066
4.9,0.779228650313818
5,0.783773076683138
5.1,0.78809220828785
5.2,0.792229869935086
5.3,0.796220463729093
5.4,0.800090736576426
5.5,0.803861291701149
5.6,0.807547856870492
5.7,0.811162331030816
5.8,0.814713635539958
5.9,0.818208397482166
5.99999999999999,0.821651491740137
6.09999999999999,0.82504646640432
6.19999999999999,0.828395873333402
6.29999999999999,0.831701522669636
6.39999999999999,0.834964677140896
6.49999999999999,0.838186199219808
6.59999999999999,0.841366661750444
6.69999999999999,0.844506430530666
6.79999999999999,0.8476057255526
6.89999999999999,0.850664666132374
6.99999999999999,0.853683303969011
7.09999999999999,0.856661647222397
7.19999999999999,0.859599677952765
7.29999999999999,0.862497364682956
7.39999999999999,0.865354671397628
7.49999999999999,0.868171563952988
7.59999999999999,0.870948014613521
7.69999999999999,0.87368400523962
7.79999999999999,0.87637952950697
7.89999999999999,0.879034594432984
7.99999999999999,0.881649221408218
8.09999999999999,0.884223446874383
8.19999999999999,0.886757322749761
8.29999999999999,0.889250916673517
8.39999999999999,0.891704312119331
8.49999999999999,0.894117608413855
8.59999999999999,0.896490920684846
8.69999999999999,0.89882437975638
8.79999999999998,0.901118132003272
8.89999999999998,0.903372339173174
8.99999999999998,0.905587178182263
9.09999999999998,0.907762840888671
9.19999999999998,0.909899533846593
9.29999999999998,0.911997478043186
9.39999999999998,0.914056908619792
9.49999999999998,0.916078074578655
9.59999999999998,0.918061238476058
9.69999999999998,0.920006676102601
9.79999999999998,0.921914676151292
9.89999999999998,0.923785539874015
9.99999999999998,0.925619580726927
10.1,0.927417124005292
10.2,0.929178506468293
10.3,0.930904075954321
10.4,0.932594190987277
10.5,0.934249220374422
10.6,0.935869542796318
10.7,0.937455546389429
10.8,0.939007628321939
10.9,0.940526194363401
11,0.942011658448778
11.1,0.943464442237524
11.2,0.944884974668299
11.3,0.94627369150996
11.4,0.947631034909469
11.5,0.948957452937359
11.6,0.950253399131418
11.7,0.951519332039253
11.8,0.952755714760381
11.9,0.953963014488536
12,0.955141702054847
12.1,0.956292251472546
12.2,0.957415139483895
12.3,0.958510845109972
12.4,0.959579849203988
12.5,0.960622634008784
12.6,0.961639682719153
12.7,0.96263147904962
12.8,0.96359850680832
12.9,0.964541249477571
13,0.965460189801753
13.1,0.966355809383079
13.2,0.967228588285831
13.3,0.968079004649602
13.4,0.968907534312095
13.5,0.96971465044198
13.6,0.970500823182306
13.7,0.971266519304933
13.8,0.972012201876436
13.9,0.972738329935894
14,0.973445358184954
14.1,0.974133736690547
14.2,0.974803910600579
14.3,0.975456319872912
14.4,0.976091399017904
14.5,0.976709576854767
14.6,0.977311276281937
14.7,0.977896914061651
14.8,0.97846690061887
14.9,0.979021639854672
15,0.979561528974174
15.1,0.980086958329059
15.2,0.980598311274688
15.3,0.981095964041797
15.4,0.981580285622713
15.5,0.982051637671994
15.6,0.982510374421375
15.7,0.982956842608863
15.8,0.983391381421782
15.9,0.983814322453551
16,0.98422598967394
16.1,0.984626699412523
16.2,0.985016760355003
16.3,0.985396473552082
16.4,0.985766132440492
16.5,0.986126022875799
16.6,0.986476423176569
16.7,0.986817604179427
16.8,0.987149829304581
16.9,0.987473354631294
17,0.987788428982827
17.1,0.988095294020324
17.2,0.988394184345103
17.3,0.988685327608832
17.4,0.988968944631001
17.5,0.989245249523166
17.6,0.989514449819366
17.7,0.98977674661216
17.8,0.990032334693703
17.9,0.990281402701295
18,0.990524133266813
18.1,0.990760703169492
18.2,0.990991283491462
18.3,0.991216039775513
18.4,0.991435132184539
18.5,0.991648715662137
18.6,0.99185694009384
18.7,0.9920599504685
18.8,0.992257887039336
18.9,0.992450885484178
19,0.992639077064494
19.1,0.992822588782756
19.2,0.993001543537775
19.3,0.993176060277626
19.4,0.993346254149823
19.5,0.993512236648438
19.6,0.993674115757863
19.7,0.993831996092969
19.8,0.993985979035417
19.9,0.994136162865932
20,0.994282642892353
20.1,0.994425511573318
20.2,0.994564858637465
20.3,0.994700771198057
20.4,0.994833333862967
20.5,0.994962628839983
20.6,0.995088736037416
20.7,0.995211733160037
20.8,0.99533169580035
20.9,0.995448697525286
21,0.995562809958367
21.1,0.99567410285745
21.2,0.995782644188157
21.3,0.995888500193114
21.4,0.995991735457143
21.5,0.996092412968558
21.6,0.996190594176723
21.7,0.99628633904605
21.8,0.996379706106604
21.9,0.996470752501503
22,0.996559534031298
22.1,0.996646105195517
22.2,0.996730519231559
22.3,0.99681282815112
22.4,0.996893082774346
22.5,0.996971332761871
22.6000000000001,0.997047626644928
22.7000000000001,0.997122011853691
22.8000000000001,0.997194534744011
22.9000000000001,0.99726524062269
23.0000000000001,0.997334173771449
23.1000000000001,0.997401377469701
23.2000000000001,0.997466894016285
23.3000000000001,0.997530764750235
23.4000000000001,0.997593030070727
23.5000000000001,0.997653729456275
23.6000000000001,0.997712901483273
23.7000000000001,0.997770583843952
23.8000000000001,0.997826813363831
23.9000000000001,0.997881626018715
24.0000000000001,0.997935056951285
24.1000000000001,0.99798714048735
24.2000000000001,0.998037910151764
24.3000000000001,0.998087398684078
24.4000000000001,0.998135638053921
24.5000000000001,0.998182659476158
24.6000000000001,0.998228493425825
24.7000000000001,0.998273169652868
24.8000000000001,0.998316717196685
24.9000000000001,0.998359164400495
25.0000000000001,0.99840053892552
25.1000000000001,0.998440867765007
25.2000000000001,0.998480177258069
25.3000000000001,0.998518493103365
25.4000000000001,0.998555840372612
25.5000000000001,0.998592243523921
25.6000000000001,0.998627726414977
25.7000000000001,0.998662312316031
25.8000000000001,0.998696023922732
25.9000000000001,0.99872888336878
26.0000000000001,0.998760912238399
26.1000000000001,0.998792131578633
26.2000000000001,0.998822561911466
26.3000000000001,0.998852223245745
26.4000000000001,0.998881135088937
26.5000000000001,0.998909316458681
26.6000000000001,0.998936785894168
26.7000000000001,0.99896356146732
26.8000000000001,0.998989660793783
26.9000000000001,0.999015101043735
27.0000000000001,0.999039898952491
27.1000000000001,0.999064070830925
27.2000000000001,0.999087632575696
27.3000000000001,0.999110599679283
27.4000000000001,0.999132987239826
27.5000000000001,0.99915480997078
27.6000000000001,0.999176082210369
27.7000000000001,0.999196817930862
27.8000000000001,0.999217030747649
27.9000000000001,0.999236733928132
28.0000000000001,0.999255940400432
28.1000000000001,0.999274662761905
28.2000000000001,0.999292913287478
28.3000000000001,0.999310703937798
28.4000000000001,0.999328046367207
28.5000000000001,0.999344951931529
28.6000000000001,0.999361431695687
28.7000000000001,0.999377496441145
28.8000000000001,0.99939315667317
28.9000000000001,0.999408422627932
29.0000000000001,0.999423304279433
29.1000000000001,0.99943781134627
29.2000000000001,0.999451953298232
29.3000000000001,0.999465739362742
29.4000000000001,0.999479178531138
29.5000000000001,0.999492279564799
29.6000000000002,0.999505051001119
29.7000000000002,0.99951750115933
29.8000000000002,0.999529638146178
29.9000000000002,0.999541469861458
30.0000000000002,0.999553004003404
30.1000000000002,0.99956424807394
30.2000000000002,0.999575209383797
30.3000000000002,0.999585895057501
30.4000000000002,0.999596312038221
30.5000000000002,0.9996064670925
30.6000000000002,0.999616366814855
30.7000000000002,0.999626017632259
30.8000000000002,0.999635425808501
30.9000000000002,0.999644597448437
31.0000000000002,0.999653538502117
31.1000000000002,0.999662254768812
31.2000000000002,0.999670751900926
31.3000000000002,0.999679035407809
31.4000000000002,0.999687110659462
31.5000000000002,0.999694982890146
31.6000000000002,0.999702657201893
31.7000000000002,0.999710138567921
31.8000000000002,0.999717431835958
31.9000000000002,0.999724541731479
32.0000000000002,0.999731472860849
32.1000000000002,0.999738229714389
32.2000000000002,0.999744816669354
32.3000000000002,0.999751237992831
32.4000000000002,0.999757497844563
32.5000000000002,0.999763600279693
32.6000000000002,0.999769549251437
32.7000000000002,0.999775348613683
32.8000000000002,0.99978100212352
32.9000000000002,0.999786513443705
33.0000000000002,0.999791886145056
33.1000000000002,0.999797123708788
33.2000000000002,0.999802229528782
33.3000000000002,0.999807206913797
33.4000000000002,0.999812059089625
33.5000000000002,0.999816789201181
33.6000000000002,0.999821400314548
33.7000000000002,0.999825895418964
33.8000000000002,0.999830277428754
33.9000000000002,0.999834549185216
34.0000000000002,0.999838713458455
34.1000000000002,0.999842772949175
34.2000000000002,0.999846730290413
34.3000000000002,0.99985058804924
34.4000000000002,0.999854348728413
34.5000000000002,0.999858014767984
34.6000000000002,0.99986158854687
34.7000000000002,0.999865072384378
34.8000000000002,0.999868468541699
34.9000000000002,0.999871779223359
35.0000000000002,0.99987500657863
35.1000000000002,0.999878152702914
35.2000000000002,0.999881219639084
35.3000000000002,0.999884209378796
35.4000000000002,0.999887123863763
35.5000000000002,0.999889964987007
35.6000000000002,0.999892734594066
35.7000000000002,0.999895434484181
35.8000000000002,0.99989806641145
35.9000000000002,0.999900632085953
36.0000000000002,0.999903133174851
36.1000000000002,0.999905571303452
36.2000000000002,0.99990794805626
36.3000000000002,0.999910264977987
36.4000000000002,0.99991252357455
36.5000000000002,0.999914725314036
36.6000000000003,0.999916871627649
36.7000000000003,0.999918963910626
36.8000000000003,0.999921003523139
36.9000000000003,0.99992299179117
37.0000000000003,0.999924930007362
37.1000000000003,0.999926819431857
37.2000000000003,0.999928661293104
37.3000000000003,0.999930456788655
37.4000000000003,0.999932207085934
37.5000000000003,0.999933913322995
37.6000000000003,0.999935576609255
37.7000000000003,0.99993719802621
37.8000000000003,0.999938778628137
37.9000000000003,0.999940319442776
38.0000000000003,0.999941821471991
38.1000000000003,0.999943285692425
38.2000000000003,0.999944713056129
38.3000000000003,0.999946104491179
38.4000000000003,0.99994746090228
38.5000000000003,0.999948783171351
38.6000000000003,0.999950072158099
38.7000000000003,0.999951328700576
38.8000000000003,0.999952553615722
38.9000000000003,0.999953747699899
39.0000000000003,0.999954911729408
39.1000000000003,0.999956046460991
39.2000000000003,0.999957152632326
39.3000000000003,0.999958230962506
39.4000000000003,0.999959282152505
39.5000000000003,0.999960306885637
39.6000000000003,0.999961305828002
39.7000000000003,0.999962279628914
39.8000000000003,0.999963228921329
39.9000000000003,0.999964154322257
40.0000000000003,0.99996505643316
40.1000000000003,0.999965935840349
40.2000000000003,0.999966793115362
40.3000000000003,0.999967628815338
40.4000000000003,0.999968443483381
40.5000000000003,0.999969237648913
40.6000000000003,0.999970011828018
40.7000000000003,0.999970766523781
40.8000000000003,0.999971502226614
40.9000000000003,0.999972219414575
41.0000000000003,0.999972918553681
41.1000000000003,0.999973600098214
41.2000000000003,0.99997426449101
41.3000000000003,0.999974912163757
41.4000000000003,0.999975543537267
41.5000000000003,0.999976159021757
41.6000000000003,0.999976759017114
41.7000000000003,0.999977343913155
41.8000000000003,0.999977914089882
41.9000000000003,0.999978469917728
42.0000000000003,0.9999790117578
42.1000000000003,0.999979539962113
42.2000000000003,0.999980054873822
42.3000000000003,0.999980556827439
42.4000000000003,0.999981046149059
42.5000000000003,0.999981523156567
42.6000000000003,0.999981988159845
42.7000000000003,0.999982441460975
42.8000000000003,0.999982883354439
42.9000000000003,0.999983314127302
43.0000000000003,0.999983734059407
43.1000000000003,0.999984143423555
43.2000000000003,0.999984542485678
43.3000000000003,0.999984931505018
43.4000000000003,0.999985310734292
43.5000000000003,0.999985680419857
43.6000000000003,0.999986040801872
43.7000000000004,0.999986392114451
43.8000000000004,0.999986734585817
43.9000000000004,0.999987068438452
44.0000000000004,0.999987393889237
44.1000000000004,0.999987711149598
44.2000000000004,0.99998802042564
44.3000000000004,0.999988321918281
44.4000000000004,0.999988615823387
44.5000000000004,0.999988902331892
44.6000000000004,0.999989181629928
44.7000000000004,0.999989453898942
44.8000000000004,0.999989719315819
44.9000000000004,0.99998997805299
45.0000000000004,0.999990230278549
45.1000000000004,0.99999047615636
45.2000000000004,0.999990715846165
45.3000000000004,0.999990949503686
45.4000000000004,0.999991177280727
45.5000000000004,0.999991399325274
45.6000000000004,0.999991615781587
45.7000000000004,0.999991826790298
45.8000000000004,0.9999920324885
45.9000000000004,0.999992233009836
46.0000000000004,0.999992428484589
46.1000000000004,0.99999261903976
46.2000000000004,0.999992804799158
46.3000000000004,0.999992985883473
46.4000000000004,0.999993162410363
46.5000000000004,0.99999333449452
46.6000000000004,0.999993502247754
46.7000000000004,0.999993665779061
46.8000000000004,0.999993825194693
46.9000000000004,0.999993980598229
47.0000000000004,0.999994132090641
47.1000000000004,0.999994279770362
47.2000000000004,0.999994423733347
47.3000000000004,0.999994564073135
47.4000000000004,0.999994700880913
47.5000000000004,0.999994834245572
47.6000000000004,0.999994964253767
47.7000000000004,0.999995090989973
47.8000000000004,0.999995214536537
47.9000000000004,0.999995334973735
48.0000000000004,0.999995452379823
48.1000000000004,0.999995566831087
48.2000000000004,0.999995678401894
48.3000000000004,0.999995787164738
48.4000000000004,0.999995893190289
48.5000000000004,0.999995996547441
48.6000000000004,0.99999609730335
48.7000000000004,0.999996195523484
48.8000000000004,0.999996291271664
48.9000000000004,0.999996384610104
49.0000000000004,0.999996475599452
49.1000000000004,0.99999656429883
49.2000000000004,0.999996650765871
49.3000000000004,0.99999673505676
49.4000000000004,0.999996817226265
49.5000000000004,0.999996897327777
49.6000000000004,0.999996975413343
49.7000000000004,0.999997051533701
49.8000000000004,0.999997125738311
49.9000000000004,0.999997198075387
50.0000000000004,0.999997268591933
50.1000000000004,0.999997337333766
50.2000000000004,0.999997404345553
50.3000000000004,0.999997469670834
50.4000000000004,0.999997533352056
50.5000000000004,0.999997595430596
50.6000000000004,0.999997655946789
50.7000000000005,0.999997714939956
50.8000000000005,0.999997772448429
50.9000000000005,0.999997828509573
51.0000000000005,0.999997883159815
51.1000000000005,0.999997936434663
51.2000000000005,0.999997988368733
51.3000000000005,0.999998038995768
51.4000000000005,0.999998088348665
51.5000000000005,0.999998136459488
51.6000000000005,0.999998183359499
51.7000000000005,0.99999822907917
51.8000000000005,0.999998273648208
51.9000000000005,0.99999831709557
52.0000000000005,0.999998359449487
52.1000000000005,0.999998400737477
52.2000000000005,0.999998440986367
52.3000000000005,0.999998480222309
52.4000000000005,0.999998518470794
52.5000000000005,0.999998555756676
52.6000000000005,0.99999859210418
52.7000000000005,0.999998627536922
52.8000000000005,0.999998662077924
52.9000000000005,0.999998695749629
53.0000000000005,0.999998728573915
53.1000000000005,0.999998760572108
53.2000000000005,0.999998791764999
53.3000000000005,0.999998822172856
53.4000000000005,0.999998851815434
53.5000000000005,0.999998880711995
53.6000000000005,0.999998908881313
53.7000000000005,0.99999893634169
53.8000000000005,0.999998963110968
53.9000000000005,0.999998989206542
54.0000000000005,0.999999014645364
54.1000000000005,0.999999039443965
54.2000000000005,0.999999063618456
54.3000000000005,0.999999087184545
54.4000000000005,0.999999110157543
54.5000000000005,0.999999132552377
54.6000000000005,0.999999154383597
54.7000000000005,0.999999175665387
54.8000000000005,0.999999196411575
54.9000000000005,0.999999216635641
55.0000000000005,0.999999236350725
55.1000000000005,0.999999255569637
55.2000000000005,0.999999274304863
55.3000000000005,0.999999292568577
55.4000000000005,0.999999310372645
55.5000000000005,0.999999327728635
55.6000000000005,0.999999344647824
55.7000000000005,0.999999361141204
55.8000000000005,0.999999377219493
55.9000000000005,0.999999392893137
56.0000000000005,0.99999940817232
56.1000000000005,0.999999423066968
56.2000000000005,0.99999943758676
56.3000000000005,0.99999945174113
56.4000000000005,0.999999465539274
56.5000000000005,0.999999478990157
56.6000000000005,0.999999492102519
56.7000000000005,0.99999950488488
56.8000000000005,0.999999517345545
56.9000000000005,0.999999529492609
57.0000000000005,0.999999541333966
57.1000000000005,0.999999552877309
57.2000000000005,0.999999564130138
57.3000000000005,0.999999575099765
57.4000000000005,0.999999585793317
57.5000000000005,0.999999596217743
57.6000000000005,0.999999606379814
57.7000000000005,0.999999616286135
57.8000000000006,0.999999625943141
57.9000000000006,0.999999635357106
58.0000000000006,0.999999644534149
58.1000000000006,0.999999653480231
58.2000000000006,0.999999662201165
58.3000000000006,0.999999670702618
58.4000000000006,0.999999678990112
58.5000000000006,0.999999687069033
58.6000000000006,0.999999694944631
58.7000000000006,0.999999702622021
58.8000000000006,0.999999710106193
58.9000000000006,0.999999717402009
59.0000000000006,0.99999972451421
59.1000000000006,0.999999731447417
59.2000000000006,0.999999738206134
59.3000000000006,0.999999744794752
59.4000000000006,0.999999751217554
59.5000000000006,0.999999757478712
59.6000000000006,0.999999763582293
59.7000000000006,0.999999769532265
59.8000000000006,0.999999775332492
59.9000000000006,0.999999780986744
60.0000000000006,0.999999786498694
60.1000000000006,0.999999791871924
60.2000000000006,0.999999797109924
60.3000000000006,0.999999802216099
60.4000000000006,0.999999807193765
60.5000000000006,0.999999812046158
60.6000000000006,0.999999816776429
60.7000000000006,0.999999821387653
60.8000000000006,0.999999825882825
60.9000000000006,0.999999830264866
61.0000000000006,0.999999834536623
61.1000000000006,0.999999838700872
61.2000000000006,0.999999842760319
61.3000000000006,0.999999846717601
61.4000000000006,0.999999850575289
61.5000000000006,0.999999854335889
61.6000000000006,0.999999858001846
61.7000000000006,0.999999861575542
61.8000000000006,0.999999865059297
61.9000000000006,0.999999868455376
62.0000000000006,0.999999871765985
62.1000000000006,0.999999874993275
62.2000000000006,0.999999878139344
62.3000000000006,0.999999881206234
62.4000000000006,0.99999988419594
62.5000000000006,0.999999887110403
62.6000000000006,0.999999889951518
62.7000000000006,0.999999892721129
62.8000000000006,0.999999895421037
62.9000000000006,0.999999898052996
63.0000000000006,0.999999900618716
63.1000000000006,0.999999903119864
63.2000000000006,0.999999905558066
63.3000000000006,0.999999907934904
63.4000000000006,0.999999910251924
63.5000000000006,0.999999912510631
63.6000000000006,0.999999914712493
63.7000000000006,0.999999916858941
63.8000000000006,0.999999918951368
63.9000000000006,0.999999920991135
64.0000000000006,0.999999922979566
64.1000000000006,0.999999924917954
64.2000000000006,0.999999926807559
64.3000000000006,0.999999928649607
64.4000000000006,0.999999930445296
64.5000000000006,0.999999932195793
64.6000000000006,0.999999933902235
64.7000000000006,0.99999993556573
64.8000000000006,0.99999993718736
64.9000000000006,0.999999938768178
65.0000000000006,0.999999940309211
65.1000000000006,0.999999941811461
65.2000000000006,0.999999943275903
65.3000000000006,0.99999994470349
65.4000000000006,0.999999946095148
65.5000000000006,0.999999947451782
65.6000000000005,0.999999948774273
65.7000000000005,0.999999950063481
65.8000000000005,0.999999951320243
65.9000000000005,0.999999952545376
66.0000000000005,0.999999953739676
66.1000000000005,0.999999954903918
66.2000000000005,0.99999995603886
66.3000000000005,0.999999957145239
66.4000000000005,0.999999958223773
66.5000000000005,0.999999959275164
66.6000000000005,0.999999960300094
66.7000000000005,0.999999961299229
66.8000000000005,0.999999962273219
66.9000000000005,0.999999963222696
67.0000000000005,0.999999964148278
67.1000000000005,0.999999965050565
67.2000000000005,0.999999965930144
67.3000000000005,0.999999966787587
67.4000000000004,0.99999996762345
67.5000000000004,0.999999968438277
67.6000000000004,0.999999969232597
67.7000000000004,0.999999970006927
67.8000000000004,0.999999970761768
67.9000000000004,0.999999971497612
68.0000000000004,0.999999972214938
68.1000000000004,0.99999997291421
68.2000000000004,0.999999973595883
68.3000000000004,0.999999974260401
68.4000000000004,0.999999974908194
68.5000000000004,0.999999975539685
68.6000000000004,0.999999976155282
68.7000000000004,0.999999976755387
68.8000000000004,0.999999977340388
68.9000000000004,0.999999977910667
69.0000000000004,0.999999978466594
69.1000000000003,0.999999979008529
69.2000000000003,0.999999979536826
69.3000000000003,0.999999980051826
69.4000000000003,0.999999980553866
69.5000000000003,0.99999998104327
69.6000000000003,0.999999981520358
69.7000000000003,0.999999981985439
69.8000000000003,0.999999982438815
69.9000000000003,0.999999982880781
70.0000000000003,0.999999983311623
70.1000000000003,0.999999983731623
70.2000000000003,0.999999984141052
70.3000000000003,0.999999984540178
70.4000000000003,0.999999984929258
70.5000000000003,0.999999985308546
70.6000000000003,0.999999985678289
70.7000000000003,0.999999986038726
70.8000000000003,0.999999986390092
70.9000000000002,0.999999986732616
71.0000000000002,0.999999987066518
71.1000000000002,0.999999987392018
71.2000000000002,0.999999987709325
71.3000000000002,0.999999988018647
71.4000000000002,0.999999988320184
71.5000000000002,0.999999988614132
71.6000000000002,0.999999988900683
71.7000000000002,0.999999989180021
71.8000000000002,0.99999998945233
71.9000000000002,0.999999989717785
72.0000000000002,0.99999998997656
72.1000000000002,0.999999990228821
72.2000000000002,0.999999990474735
72.3000000000002,0.999999990714459
72.4000000000002,0.99999999094815
72.5000000000002,0.999999991175959
72.6000000000002,0.999999991398036
72.7000000000001,0.999999991614523
72.8000000000001,0.999999991825562
72.9000000000001,0.999999992031289
73.0000000000001,0.999999992231839
73.1000000000001,0.999999992427342
73.2000000000001,0.999999992617925
73.3000000000001,0.999999992803711
73.4000000000001,0.999999992984821
73.5000000000001,0.999999993161373
73.6000000000001,0.999999993333482
73.7000000000001,0.99999999350126
73.8000000000001,0.999999993664815
73.9000000000001,0.999999993824254
74.0000000000001,0.99999999397968
74.1000000000001,0.999999994131194
74.2000000000001,0.999999994278896
74.3000000000001,0.99999999442288
74.4,0.99999999456324
74.5,0.999999994700068
74.6,0.999999994833453
74.7,0.99999999496348
74.8,0.999999995090235
74.9,0.9999999952138
75,0.999999995334255
75.1,0.999999995451679
75.2,0.999999995566147
75.3,0.999999995677735
75.4,0.999999995786514
75.5,0.999999995892556
75.6,0.999999995995928
75.7,0.9999999960967
75.8,0.999999996194935
75.9,0.999999996290697
76,0.99999999638405
76.1,0.999999996475053
76.1999999999999,0.999999996563766
76.2999999999999,0.999999996650247
76.3999999999999,0.99999999673455
76.4999999999999,0.999999996816732
76.5999999999999,0.999999996896846
76.6999999999999,0.999999996974944
76.7999999999999,0.999999997051076
76.8999999999999,0.999999997125292
76.9999999999999,0.99999999719764
77.0999999999999,0.999999997268168
77.1999999999999,0.99999999733692
77.2999999999999,0.999999997403942
77.3999999999999,0.999999997469278
77.4999999999999,0.999999997532969
77.5999999999999,0.999999997595057
77.6999999999999,0.999999997655583
77.7999999999999,0.999999997714585
77.8999999999998,0.999999997772103
77.9999999999998,0.999999997828172
78.0999999999998,0.999999997882831
78.1999999999998,0.999999997936114
78.2999999999998,0.999999997988056
78.3999999999998,0.999999998038691
78.4999999999998,0.999999998088052
78.5999999999998,0.99999999813617
78.6999999999998,0.999999998183077
78.7999999999998,0.999999998228804
78.8999999999998,0.99999999827338
78.9999999999998,0.999999998316834
79.0999999999998,0.999999998359195
79.1999999999998,0.999999998400489
79.2999999999998,0.999999998440744
79.3999999999998,0.999999998479986
79.4999999999998,0.999999998518241
79.5999999999998,0.999999998555532
79.6999999999997,0.999999998591886
79.7999999999997,0.999999998627324
79.8999999999997,0.99999999866187
79.9999999999997,0.999999998695547
80.0999999999997,0.999999998728376
80.1999999999997,0.99999999876038
80.2999999999997,0.999999998791577
80.3999999999997,0.99999999882199
80.4999999999997,0.999999998851637
80.5999999999997,0.999999998880538
80.6999999999997,0.999999998908712
80.7999999999997,0.999999998936176
80.8999999999997,0.99999999896295
80.9999999999997,0.999999998989049
81.0999999999997,0.999999999014492
81.1999999999997,0.999999999039294
81.2999999999997,0.999999999063473
81.3999999999997,0.999999999087042
81.4999999999996,0.999999999110019
81.5999999999996,0.999999999132417
81.6999999999996,0.999999999154252
81.7999999999996,0.999999999175537
81.8999999999996,0.999999999196286
81.9999999999996,0.999999999216513
82.0999999999996,0.999999999236231
82.1999999999996,0.999999999255453
82.2999999999996,0.999999999274191
82.3999999999996,0.999999999292458
82.4999999999996,0.999999999310265
82.5999999999996,0.999999999327623
82.6999999999996,0.999999999344545
82.7999999999996,0.999999999361041
82.8999999999996,0.999999999377122
82.9999999999996,0.999999999392798
83.0999999999996,0.999999999408079
83.1999999999995,0.999999999422976
83.2999999999995,0.999999999437498
83.3999999999995,0.999999999451655
83.4999999999995,0.999999999465455
83.5999999999995,0.999999999478908
83.6999999999995,0.999999999492023
83.7999999999995,0.999999999504807
83.8999999999995,0.999999999517269
83.9999999999995,0.999999999529418
84.0999999999995,0.999999999541262
84.1999999999995,0.999999999552807
84.2999999999995,0.999999999564061
84.3999999999995,0.999999999575033
84.4999999999995,0.999999999585728
84.5999999999995,0.999999999596154
84.6999999999995,0.999999999606317
84.7999999999995,0.999999999616225
84.8999999999995,0.999999999625884
84.9999999999994,0.999999999635299
85.0999999999994,0.999999999644478
85.1999999999994,0.999999999653425
85.2999999999994,0.999999999662147
85.3999999999994,0.99999999967065
85.4999999999994,0.999999999678939
85.5999999999994,0.999999999687019
85.6999999999994,0.999999999694896
85.7999999999994,0.999999999702574
85.8999999999994,0.99999999971006
85.9999999999994,0.999999999717357
86.0999999999994,0.99999999972447
86.1999999999994,0.999999999731404
86.2999999999994,0.999999999738164
86.3999999999994,0.999999999744754
86.4999999999994,0.999999999751177
86.5999999999994,0.999999999757439
86.6999999999993,0.999999999763544
86.7999999999993,0.999999999769495
86.8999999999993,0.999999999775296
86.9999999999993,0.999999999780951
87.0999999999993,0.999999999786464
87.1999999999993,0.999999999791838
87.2999999999993,0.999999999797077
87.3999999999993,0.999999999802184
87.4999999999993,0.999999999807162
87.5999999999993,0.999999999812015
87.6999999999993,0.999999999816746
87.7999999999993,0.999999999821358
87.8999999999993,0.999999999825854
87.9999999999993,0.999999999830237
88.0999999999993,0.999999999834509
88.1999999999993,0.999999999838674
88.2999999999993,0.999999999842734
88.3999999999993,0.999999999846692
88.4999999999992,0.99999999985055
88.5999999999992,0.999999999854311
88.6999999999992,0.999999999857978
88.7999999999992,0.999999999861552
88.8999999999992,0.999999999865037
88.9999999999992,0.999999999868433
89.0999999999992,0.999999999871744
89.1999999999992,0.999999999874972
89.2999999999992,0.999999999878119
89.3999999999992,0.999999999881186
89.4999999999992,0.999999999884176
89.5999999999992,0.999999999887091
89.6999999999992,0.999999999889932
89.7999999999992,0.999999999892702
89.8999999999992,0.999999999895403
89.9999999999992,0.999999999898035
90.0999999999992,0.999999999900601
90.1999999999992,0.999999999903103
90.2999999999991,0.999999999905541
90.3999999999991,0.999999999907919
90.4999999999991,0.999999999910236
90.5999999999991,0.999999999912495
90.6999999999991,0.999999999914697
90.7999999999991,0.999999999916844
90.8999999999991,0.999999999918937
90.9999999999991,0.999999999920977
91.0999999999991,0.999999999922966
91.1999999999991,0.999999999924904
91.2999999999991,0.999999999926794
91.3999999999991,0.999999999928636
91.4999999999991,0.999999999930432
91.5999999999991,0.999999999932183
91.6999999999991,0.99999999993389
91.7999999999991,0.999999999935554
91.8999999999991,0.999999999937176
91.999999999999,0.999999999938757
92.099999999999,0.999999999940298
92.199999999999,0.9999999999418
92.299999999999,0.999999999943265
92.399999999999,0.999999999944693
92.499999999999,0.999999999946085
92.599999999999,0.999999999947442
92.699999999999,0.999999999948765
92.799999999999,0.999999999950054
92.899999999999,0.999999999951311
92.999999999999,0.999999999952536
93.099999999999,0.999999999953731
93.199999999999,0.999999999954895
93.299999999999,0.99999999995603
93.399999999999,0.999999999957137
93.499999999999,0.999999999958216
93.599999999999,0.999999999959267
93.699999999999,0.999999999960292
93.7999999999989,0.999999999961292
93.8999999999989,0.999999999962266
93.9999999999989,0.999999999963215
94.0999999999989,0.999999999964141
94.1999999999989,0.999999999965043
94.2999999999989,0.999999999965923
94.3999999999989,0.999999999966781
94.4999999999989,0.999999999967617
94.5999999999989,0.999999999968431
94.6999999999989,0.999999999969226
94.7999999999989,0.99999999997
94.8999999999989,0.999999999970755
94.9999999999989,0.999999999971491
95.0999999999989,0.999999999972209
95.1999999999989,0.999999999972908
95.2999999999989,0.99999999997359
95.3999999999989,0.999999999974254
95.4999999999988,0.999999999974902
95.5999999999988,0.999999999975534
95.6999999999988,0.99999999997615
95.7999999999988,0.99999999997675
95.8999999999988,0.999999999977335
95.9999999999988,0.999999999977905
96.0999999999988,0.999999999978461
96.1999999999988,0.999999999979003
96.2999999999988,0.999999999979531
96.3999999999988,0.999999999980047
96.4999999999988,0.999999999980549
96.5999999999988,0.999999999981038
96.6999999999988,0.999999999981515
96.7999999999988,0.999999999981981
96.8999999999988,0.999999999982434
96.9999999999988,0.999999999982876
97.0999999999988,0.999999999983307
97.1999999999988,0.999999999983727
97.2999999999987,0.999999999984136
97.3999999999987,0.999999999984536
97.4999999999987,0.999999999984925
97.5999999999987,0.999999999985304
97.6999999999987,0.999999999985674
97.7999999999987,0.999999999986035
97.8999999999987,0.999999999986386
97.9999999999987,0.999999999986729
98.0999999999987,0.999999999987062
98.1999999999987,0.999999999987388
98.2999999999987,0.999999999987705
98.3999999999987,0.999999999988015
98.4999999999987,0.999999999988316
98.5999999999987,0.99999999998861
98.6999999999987,0.999999999988897
98.7999999999987,0.999999999989176
98.8999999999987,0.999999999989448
98.9999999999986,0.999999999989714
99.0999999999986,0.999999999989973
99.1999999999986,0.999999999990225
99.2999999999986,0.999999999990471
99.3999999999986,0.999999999990711
99.4999999999986,0.999999999990944
99.5999999999986,0.999999999991172
99.6999999999986,0.999999999991394
99.7999999999986,0.999999999991611
99.8999999999986,0.999999999991822
99.9999999999986,0.999999999992028
100.099999999999,0.999999999992228
100.199999999999,0.999999999992424
100.299999999999,0.999999999992614
100.399999999999,0.9999999999928
100.499999999999,0.999999999992981
100.599999999999,0.999999999993158
100.699999999999,0.99999999999333
100.799999999999,0.999999999993498
100.899999999999,0.999999999993661
100.999999999999,0.999999999993821
101.099999999999,0.999999999993976
101.199999999999,0.999999999994128
101.299999999999,0.999999999994275
101.399999999999,0.999999999994419
101.499999999999,0.99999999999456
101.599999999999,0.999999999994697
101.699999999998,0.99999999999483
101.799999999998,0.99999999999496
101.899999999998,0.999999999995087
101.999999999998,0.99999999999521
102.099999999998,0.999999999995331
102.199999999998,0.999999999995448
102.299999999998,0.999999999995563
102.399999999998,0.999999999995674
102.499999999998,0.999999999995783
102.599999999998,0.999999999995889
102.699999999998,0.999999999995993
102.799999999998,0.999999999996093
102.899999999998,0.999999999996192
102.999999999998,0.999999999996288
103.099999999998,0.999999999996381
103.199999999998,0.999999999996472
103.299999999998,0.999999999996561
103.399999999998,0.999999999996647
103.499999999998,0.999999999996731
103.599999999998,0.999999999996814
103.699999999998,0.999999999996894
103.799999999998,0.999999999996972
103.899999999998,0.999999999997048
103.999999999998,0.999999999997122
104.099999999998,0.999999999997195
104.199999999998,0.999999999997265
104.299999999998,0.999999999997334
104.399999999998,0.999999999997401
104.499999999998,0.999999999997466
104.599999999998,0.99999999999753
104.699999999998,0.999999999997592
104.799999999998,0.999999999997653
104.899999999998,0.999999999997712
104.999999999998,0.999999999997769
105.099999999998,0.999999999997825
105.199999999998,0.99999999999788
105.299999999998,0.999999999997933
105.399999999998,0.999999999997985
105.499999999998,0.999999999998036
105.599999999998,0.999999999998085
105.699999999998,0.999999999998133
105.799999999998,0.99999999999818
105.899999999998,0.999999999998226
105.999999999998,0.99999999999827
106.099999999998,0.999999999998314
106.199999999998,0.999999999998356
106.299999999998,0.999999999998398
106.399999999998,0.999999999998438
106.499999999998,0.999999999998477
106.599999999998,0.999999999998515
106.699999999998,0.999999999998553
106.799999999998,0.999999999998589
106.899999999998,0.999999999998624
106.999999999998,0.999999999998659
107.099999999998,0.999999999998692
107.199999999998,0.999999999998725
107.299999999998,0.999999999998757
107.399999999998,0.999999999998789
107.499999999998,0.999999999998819
107.599999999998,0.999999999998849
107.699999999998,0.999999999998877
107.799999999998,0.999999999998906
107.899999999998,0.999999999998933
107.999999999998,0.99999999999896
108.099999999998,0.999999999998986
108.199999999998,0.999999999999011
108.299999999998,0.999999999999036
108.399999999998,0.99999999999906
108.499999999998,0.999999999999084
108.599999999998,0.999999999999107
108.699999999998,0.999999999999129
108.799999999998,0.999999999999151
108.899999999998,0.999999999999173
108.999999999998,0.999999999999193
109.099999999998,0.999999999999214
109.199999999998,0.999999999999233
109.299999999998,0.999999999999252
109.399999999998,0.999999999999271
109.499999999998,0.99999999999929
109.599999999998,0.999999999999307
109.699999999998,0.999999999999325
109.799999999998,0.999999999999342
109.899999999998,0.999999999999358
109.999999999998,0.999999999999374
110.099999999998,0.99999999999939
110.199999999998,0.999999999999405
110.299999999998,0.99999999999942
110.399999999998,0.999999999999435
110.499999999998,0.999999999999449
110.599999999998,0.999999999999463
110.699999999998,0.999999999999476
110.799999999998,0.999999999999489
110.899999999998,0.999999999999502
110.999999999998,0.999999999999514
111.099999999998,0.999999999999526
111.199999999998,0.999999999999538
111.299999999998,0.99999999999955
111.399999999998,0.999999999999561
111.499999999998,0.999999999999572
111.599999999998,0.999999999999583
111.699999999998,0.999999999999593
111.799999999998,0.999999999999603
111.899999999998,0.999999999999613
111.999999999998,0.999999999999623
112.099999999998,0.999999999999632
112.199999999998,0.999999999999642
112.299999999998,0.999999999999651
112.399999999998,0.999999999999659
112.499999999998,0.999999999999668
112.599999999998,0.999999999999676
112.699999999998,0.999999999999684
112.799999999998,0.999999999999692
112.899999999998,0.9999999999997
112.999999999998,0.999999999999707
113.099999999998,0.999999999999715
113.199999999998,0.999999999999722
113.299999999998,0.999999999999729
113.399999999998,0.999999999999735
113.499999999998,0.999999999999742
113.599999999998,0.999999999999748
113.699999999998,0.999999999999755
113.799999999998,0.999999999999761
113.899999999998,0.999999999999767
113.999999999998,0.999999999999772
114.099999999998,0.999999999999778
114.199999999998,0.999999999999784
114.299999999998,0.999999999999789
114.399999999998,0.999999999999794
114.499999999998,0.999999999999799
114.599999999998,0.999999999999804
114.699999999998,0.999999999999809
114.799999999998,0.999999999999814
114.899999999998,0.999999999999818
114.999999999998,0.999999999999823
115.099999999998,0.999999999999827
115.199999999998,0.999999999999831
115.299999999998,0.999999999999836
115.399999999998,0.99999999999984
115.499999999998,0.999999999999844
115.599999999998,0.999999999999848
115.699999999998,0.999999999999851
115.799999999998,0.999999999999855
115.899999999998,0.999999999999859
115.999999999998,0.999999999999862
116.099999999998,0.999999999999865
116.199999999998,0.999999999999869
116.299999999998,0.999999999999872
116.399999999998,0.999999999999875
116.499999999998,0.999999999999878
116.599999999998,0.999999999999881
116.699999999998,0.999999999999884
116.799999999998,0.999999999999887
116.899999999998,0.99999999999989
116.999999999998,0.999999999999892
117.099999999998,0.999999999999895
117.199999999998,0.999999999999898
117.299999999998,0.9999999999999
117.399999999998,0.999999999999903
117.499999999998,0.999999999999905
117.599999999998,0.999999999999907
117.699999999998,0.99999999999991
117.799999999998,0.999999999999912
117.899999999998,0.999999999999914
117.999999999998,0.999999999999916
118.099999999998,0.999999999999918
118.199999999998,0.99999999999992
118.299999999998,0.999999999999922
118.399999999998,0.999999999999924
118.499999999998,0.999999999999926
118.599999999998,0.999999999999928
118.699999999998,0.999999999999929
118.799999999998,0.999999999999931
118.899999999998,0.999999999999933
118.999999999998,0.999999999999934
119.099999999998,0.999999999999936
119.199999999998,0.999999999999937
119.299999999997,0.999999999999939
119.399999999997,0.99999999999994
119.499999999997,0.999999999999942
119.599999999997,0.999999999999943
119.699999999997,0.999999999999945
119.799999999997,0.999999999999946
119.899999999997,0.999999999999947
119.999999999997,0.999999999999948
120.099999999997,0.99999999999995
120.199999999997,0.999999999999951
120.299999999997,0.999999999999952
120.399999999997,0.999999999999953
120.499999999997,0.999999999999954
120.599999999997,0.999999999999955
120.699999999997,0.999999999999956
120.799999999997,0.999999999999957
120.899999999997,0.999999999999958
120.999999999997,0.999999999999959
121.099999999997,0.99999999999996
121.199999999997,0.999999999999961
121.299999999997,0.999999999999962
121.399999999997,0.999999999999963
121.499999999997,0.999999999999964
121.599999999997,0.999999999999965
121.699999999997,0.999999999999966
121.799999999997,0.999999999999966
121.899999999997,0.999999999999967
121.999999999997,0.999999999999968
122.099999999997,0.999999999999969
122.199999999997,0.999999999999969
122.299999999997,0.99999999999997
122.399999999997,0.999999999999971
122.499999999997,0.999999999999971
122.599999999997,0.999999999999972
122.699999999997,0.999999999999973
122.799999999997,0.999999999999973
122.899999999997,0.999999999999974
122.999999999997,0.999999999999974
123.099999999997,0.999999999999975
123.199999999997,0.999999999999975
123.299999999997,0.999999999999976
123.399999999997,0.999999999999977
123.499999999997,0.999999999999977
123.599999999997,0.999999999999978
123.699999999997,0.999999999999978
123.799999999997,0.999999999999979
123.899999999997,0.999999999999979
123.999999999997,0.999999999999979
124.099999999997,0.99999999999998
124.199999999997,0.99999999999998
124.299999999997,0.999999999999981
124.399999999997,0.999999999999981
124.499999999997,0.999999999999982
124.599999999997,0.999999999999982
124.699999999997,0.999999999999983
124.799999999997,0.999999999999983
124.899999999997,0.999999999999983
124.999999999997,0.999999999999984
125.099999999997,0.999999999999984
125.199999999997,0.999999999999984
125.299999999997,0.999999999999985
125.399999999997,0.999999999999985
125.499999999997,0.999999999999985
125.599999999997,0.999999999999986
125.699999999997,0.999999999999986
125.799999999997,0.999999999999986
125.899999999997,0.999999999999986
125.999999999997,0.999999999999987
126.099999999997,0.999999999999987
126.199999999997,0.999999999999987
126.299999999997,0.999999999999987
126.399999999997,0.999999999999988
126.499999999997,0.999999999999988
126.599999999997,0.999999999999988
126.699999999997,0.999999999999988
126.799999999997,0.999999999999988
126.899999999997,0.999999999999989
126.999999999997,0.999999999999989
127.099999999997,0.999999999999989
127.199999999997,0.999999999999989
127.299999999997,0.99999999999999
127.399999999997,0.99999999999999
127.499999999997,0.99999999999999
127.599999999997,0.99999999999999
127.699999999997,0.99999999999999
127.799999999997,0.999999999999991
127.899999999997,0.999999999999991
127.999999999997,0.999999999999991
128.099999999997,0.999999999999991
128.199999999997,0.999999999999991
128.299999999997,0.999999999999991
128.399999999997,0.999999999999991
128.499999999997,0.999999999999991
128.599999999997,0.999999999999991
128.699999999997,0.999999999999992
128.799999999997,0.999999999999992
128.899999999997,0.999999999999992
128.999999999997,0.999999999999992
129.099999999997,0.999999999999992
129.199999999997,0.999999999999992
129.299999999997,0.999999999999992
129.399999999997,0.999999999999992
129.499999999997,0.999999999999992
129.599999999997,0.999999999999993
129.699999999997,0.999999999999993
129.799999999997,0.999999999999993
129.899999999997,0.999999999999993
129.999999999997,0.999999999999993
130.099999999997,0.999999999999993
130.199999999997,0.999999999999993
130.299999999997,0.999999999999993
130.399999999997,0.999999999999993
130.499999999997,0.999999999999994
130.599999999997,0.999999999999994
130.699999999997,0.999999999999994
130.799999999997,0.999999999999994
130.899999999997,0.999999999999994
130.999999999997,0.999999999999994
131.099999999997,0.999999999999994
131.199999999997,0.999999999999994
131.299999999997,0.999999999999994
131.399999999997,0.999999999999995
131.499999999997,0.999999999999995
131.599999999997,0.999999999999995
131.699999999997,0.999999999999995
131.799999999997,0.999999999999995
131.899999999997,0.999999999999995
131.999999999997,0.999999999999995
132.099999999997,0.999999999999995
132.199999999997,0.999999999999995
132.299999999997,0.999999999999996
132.399999999997,0.999999999999996
132.499999999997,0.999999999999996
132.599999999997,0.999999999999996
132.699999999997,0.999999999999996
132.799999999997,0.999999999999996
132.899999999997,0.999999999999996
132.999999999997,0.999999999999996
133.099999999997,0.999999999999996
133.199999999997,0.999999999999996
133.299999999997,0.999999999999996
133.399999999997,0.999999999999996
133.499999999997,0.999999999999996
133.599999999997,0.999999999999996
133.699999999997,0.999999999999996
133.799999999997,0.999999999999996
133.899999999997,0.999999999999996
133.999999999997,0.999999999999996
134.099999999997,0.999999999999996
134.199999999997,0.999999999999996
134.299999999997,0.999999999999996
134.399999999997,0.999999999999996
134.499999999997,0.999999999999996
134.599999999997,0.999999999999996
134.699999999997,0.999999999999996
134.799999999997,0.999999999999996
134.899999999997,0.999999999999996
134.999999999997,0.999999999999996
135.099999999997,0.999999999999996
135.199999999997,0.999999999999996
135.299999999997,0.999999999999996
135.399999999997,0.999999999999996
135.499999999997,0.999999999999996
135.599999999997,0.999999999999996
135.699999999997,0.999999999999996
135.799999999997,0.999999999999996
135.899999999997,0.999999999999996
135.999999999997,0.999999999999996
136.099999999997,0.999999999999996
136.199999999997,0.999999999999996
136.299999999997,0.999999999999996
136.399999999997,0.999999999999996
136.499999999997,0.999999999999996
136.599999999997,0.999999999999996
136.699999999997,0.999999999999996
136.799999999997,0.999999999999996
136.899999999997,0.999999999999996
136.999999999997,0.999999999999996
137.099999999996,0.999999999999996
137.199999999996,0.999999999999996
137.299999999996,0.999999999999996
137.399999999996,0.999999999999996
137.499999999996,0.999999999999996
137.599999999996,0.999999999999996
137.699999999996,0.999999999999996
137.799999999996,0.999999999999996
137.899999999996,0.999999999999996
137.999999999996,0.999999999999996
138.099999999996,0.999999999999996
138.199999999996,0.999999999999996
138.299999999996,0.999999999999996
138.399999999996,0.999999999999996
138.499999999996,0.999999999999996
138.599999999996,0.999999999999996
138.699999999996,0.999999999999996
138.799999999996,0.999999999999996
138.899999999996,0.999999999999996
138.999999999996,0.999999999999996
139.099999999996,0.999999999999996
139.199999999996,0.999999999999996
139.299999999996,0.999999999999996
139.399999999996,0.999999999999996
139.499999999996,0.999999999999996
139.599999999996,0.999999999999996
139.699999999996,0.999999999999996
139.799999999996,0.999999999999996
139.899999999996,0.999999999999996
139.999999999996,0.999999999999996
140.099999999996,0.999999999999996
140.199999999996,0.999999999999996
140.299999999996,0.999999999999996
140.399999999996,0.999999999999996
140.499999999996,0.999999999999996
140.599999999996,0.999999999999996
140.699999999996,0.999999999999996
140.799999999996,0.999999999999996
140.899999999996,0.999999999999996
140.999999999996,0.999999999999996
141.099999999996,0.999999999999996
141.199999999996,0.999999999999996
141.299999999996,0.999999999999996
141.399999999996,0.999999999999996
141.499999999996,0.999999999999996
141.599999999996,0.999999999999996
141.699999999996,0.999999999999996
141.799999999996,0.999999999999996
141.899999999996,0.999999999999996
141.999999999996,0.999999999999996
142.099999999996,0.999999999999996
142.199999999996,0.999999999999996
142.299999999996,0.999999999999996
142.399999999996,0.999999999999996
142.499999999996,0.999999999999996
142.599999999996,0.999999999999996
142.699999999996,0.999999999999996
142.799999999996,0.999999999999996
142.899999999996,0.999999999999996
142.999999999996,0.999999999999996
143.099999999996,0.999999999999996
143.199999999996,0.999999999999996
143.299999999996,0.999999999999996
143.399999999996,0.999999999999996
143.499999999996,0.999999999999996
143.599999999996,0.999999999999996
143.699999999996,0.999999999999996
143.799999999996,0.999999999999996
143.899999999996,0.999999999999996
143.999999999996,0.999999999999996
144.099999999996,0.999999999999996
144.199999999996,0.999999999999996
144.299999999996,0.999999999999996
144.399999999996,0.999999999999996
144.499999999996,0.999999999999996
144.599999999996,0.999999999999996
144.699999999996,0.999999999999996
144.799999999996,0.999999999999996
144.899999999996,0.999999999999996
144.999999999996,0.999999999999996
145.099999999996,0.999999999999996
145.199999999996,0.999999999999996
145.299999999996,0.999999999999996
145.399999999996,0.999999999999996
145.499999999996,0.999999999999996
145.599999999996,0.999999999999996
145.699999999996,0.999999999999996
145.799999999996,0.999999999999996
145.899999999996,0.999999999999996
145.999999999996,0.999999999999996
146.099999999996,0.999999999999996
146.199999999996,0.999999999999996
146.299999999996,0.999999999999996
146.399999999996,0.999999999999996
146.499999999996,0.999999999999996
146.599999999996,0.999999999999996
146.699999999996,0.999999999999996
146.799999999996,0.999999999999996
146.899999999996,0.999999999999996
146.999999999996,0.999999999999996
147.099999999996,0.999999999999996
147.199999999996,0.999999999999996
147.299999999996,0.999999999999996
147.399999999996,0.999999999999996
147.499999999996,0.999999999999996
147.599999999996,0.999999999999996
147.699999999996,0.999999999999996
147.799999999996,0.999999999999996
147.899999999996,0.999999999999996
147.999999999996,0.999999999999996
148.099999999996,0.999999999999996
148.199999999996,0.999999999999996
148.299999999996,0.999999999999996
148.399999999996,0.999999999999996
148.499999999996,0.999999999999996
148.599999999996,0.999999999999996
148.699999999996,0.999999999999996
148.799999999996,0.999999999999996
148.899999999996,0.999999999999996
148.999999999996,0.999999999999996
149.099999999996,0.999999999999996
149.199999999996,0.999999999999996
149.299999999996,0.999999999999996
149.399999999996,0.999999999999996
149.499999999996,0.999999999999996
149.599999999996,0.999999999999996
149.699999999996,0.999999999999996
149.799999999996,0.999999999999996
149.899999999996,0.999999999999996
149.999999999996,0.999999999999996
150.099999999996,0.999999999999996
150.199999999996,0.999999999999996
150.299999999996,0.999999999999996
150.399999999996,0.999999999999996
150.499999999996,0.999999999999996
150.599999999996,0.999999999999996
150.699999999996,0.999999999999996
150.799999999996,0.999999999999996
150.899999999996,0.999999999999996
150.999999999996,0.999999999999996
151.099999999996,0.999999999999996
151.199999999996,0.999999999999996
151.299999999996,0.999999999999996
151.399999999996,0.999999999999996
151.499999999996,0.999999999999996
151.599999999996,0.999999999999996
151.699999999996,0.999999999999996
151.799999999996,0.999999999999996
151.899999999996,0.999999999999996
151.999999999996,0.999999999999996
152.099999999996,0.999999999999996
152.199999999996,0.999999999999996
152.299999999996,0.999999999999996
152.399999999996,0.999999999999996
152.499999999996,0.999999999999996
152.599999999996,0.999999999999996
152.699999999996,0.999999999999996
152.799999999996,0.999999999999996
152.899999999996,0.999999999999996
152.999999999996,0.999999999999996
153.099999999996,0.999999999999996
153.199999999996,0.999999999999996
153.299999999996,0.999999999999996
153.399999999996,0.999999999999996
153.499999999996,0.999999999999996
153.599999999996,0.999999999999996
153.699999999996,0.999999999999996
153.799999999996,0.999999999999996
153.899999999996,0.999999999999996
153.999999999996,0.999999999999996
154.099999999996,0.999999999999996
154.199999999996,0.999999999999996
154.299999999996,0.999999999999996
154.399999999996,0.999999999999996
154.499999999996,0.999999999999996
154.599999999996,0.999999999999996
154.699999999995,0.999999999999996
154.799999999995,0.999999999999996
154.899999999995,0.999999999999996
154.999999999995,0.999999999999996
155.099999999995,0.999999999999996
155.199999999995,0.999999999999996
155.299999999995,0.999999999999996
155.399999999995,0.999999999999996
155.499999999995,0.999999999999996
155.599999999995,0.999999999999996
155.699999999995,0.999999999999996
155.799999999995,0.999999999999996
155.899999999995,0.999999999999996
155.999999999995,0.999999999999996
156.099999999995,0.999999999999996
156.199999999995,0.999999999999996
156.299999999995,0.999999999999996
156.399999999995,0.999999999999996
156.499999999995,0.999999999999996
156.599999999995,0.999999999999996
156.699999999995,0.999999999999996
156.799999999995,0.999999999999996
156.899999999995,0.999999999999996
156.999999999995,0.999999999999996
157.099999999995,0.999999999999996
157.199999999995,0.999999999999996
157.299999999995,0.999999999999996
157.399999999995,0.999999999999996
157.499999999995,0.999999999999996
157.599999999995,0.999999999999996
157.699999999995,0.999999999999996
157.799999999995,0.999999999999996
157.899999999995,0.999999999999996
157.999999999995,0.999999999999996
158.099999999995,0.999999999999996
158.199999999995,0.999999999999996
158.299999999995,0.999999999999996
158.399999999995,0.999999999999996
158.499999999995,0.999999999999996
158.599999999995,0.999999999999996
158.699999999995,0.999999999999996
158.799999999995,0.999999999999996
158.899999999995,0.999999999999996
158.999999999995,0.999999999999996
159.099999999995,0.999999999999996
159.199999999995,0.999999999999996
159.299999999995,0.999999999999996
159.399999999995,0.999999999999996
159.499999999995,0.999999999999996
159.599999999995,0.999999999999996
159.699999999995,0.999999999999996
159.799999999995,0.999999999999996
159.899999999995,0.999999999999996
159.999999999995,0.999999999999996
160.099999999995,0.999999999999996
160.199999999995,0.999999999999996
160.299999999995,0.999999999999996
160.399999999995,0.999999999999996
160.499999999995,0.999999999999996
160.599999999995,0.999999999999996
160.699999999995,0.999999999999996
160.799999999995,0.999999999999996
160.899999999995,0.999999999999996
160.999999999995,0.999999999999996
161.099999999995,0.999999999999996
161.199999999995,0.999999999999996
161.299999999995,0.999999999999996
161.399999999995,0.999999999999996
161.499999999995,0.999999999999996
161.599999999995,0.999999999999996
161.699999999995,0.999999999999996
161.799999999995,0.999999999999996
161.899999999995,0.999999999999996
161.999999999995,0.999999999999996
162.099999999995,0.999999999999996
162.199999999995,0.999999999999996
162.299999999995,0.999999999999996
162.399999999995,0.999999999999996
162.499999999995,0.999999999999996
162.599999999995,0.999999999999996
162.699999999995,0.999999999999996
162.799999999995,0.999999999999996
162.899999999995,0.999999999999996
162.999999999995,0.999999999999996
163.099999999995,0.999999999999996
163.199999999995,0.999999999999996
163.299999999995,0.999999999999996
163.399999999995,0.999999999999996
163.499999999995,0.999999999999996
163.599999999995,0.999999999999996
163.699999999995,0.999999999999996
163.799999999995,0.999999999999996
163.899999999995,0.999999999999996
163.999999999995,0.999999999999996
164.099999999995,0.999999999999996
164.199999999995,0.999999999999996
164.299999999995,0.999999999999996
164.399999999995,0.999999999999996
164.499999999995,0.999999999999996
164.599999999995,0.999999999999996
164.699999999995,0.999999999999996
164.799999999995,0.999999999999996
164.899999999995,0.999999999999996
164.999999999995,0.999999999999996
165.099999999995,0.999999999999996
165.199999999995,0.999999999999996
165.299999999995,0.999999999999996
165.399999999995,0.999999999999996
165.499999999995,0.999999999999996
165.599999999995,0.999999999999996
165.699999999995,0.999999999999996
165.799999999995,0.999999999999996
165.899999999995,0.999999999999996
165.999999999995,0.999999999999996
166.099999999995,0.999999999999996
166.199999999995,0.999999999999996
166.299999999995,0.999999999999996
166.399999999995,0.999999999999996
166.499999999995,0.999999999999996
166.599999999995,0.999999999999996
166.699999999995,0.999999999999996
166.799999999995,0.999999999999996
166.899999999995,0.999999999999996
166.999999999995,0.999999999999996
167.099999999995,0.999999999999996
167.199999999995,0.999999999999996
167.299999999995,0.999999999999996
167.399999999995,0.999999999999996
167.499999999995,0.999999999999996
167.599999999995,0.999999999999996
167.699999999995,0.999999999999996
167.799999999995,0.999999999999996
167.899999999995,0.999999999999996
167.999999999995,0.999999999999996
168.099999999995,0.999999999999996
168.199999999995,0.999999999999996
168.299999999995,0.999999999999996
168.399999999995,0.999999999999996
168.499999999995,0.999999999999996
168.599999999995,0.999999999999996
168.699999999995,0.999999999999996
168.799999999995,0.999999999999996
168.899999999995,0.999999999999996
168.999999999995,0.999999999999996
169.099999999995,0.999999999999996
169.199999999995,0.999999999999996
169.299999999995,0.999999999999996
169.399999999995,0.999999999999996
169.499999999995,0.999999999999996
169.599999999995,0.999999999999996
169.699999999995,0.999999999999996
169.799999999995,0.999999999999996
169.899999999995,0.999999999999996
169.999999999995,0.999999999999996
170.099999999995,0.999999999999996
170.199999999995,0.999999999999996
170.299999999995,0.999999999999996
170.399999999995,0.999999999999996
170.499999999995,0.999999999999996
170.599999999995,0.999999999999996
170.699999999995,0.999999999999996
170.799999999995,0.999999999999996
170.899999999995,0.999999999999996
170.999999999995,0.999999999999996
171.099999999995,0.999999999999996
171.199999999995,0.999999999999996
171.299999999995,0.999999999999996
171.399999999995,0.999999999999996
171.499999999995,0.999999999999996
171.599999999995,0.999999999999996
171.699999999995,0.999999999999996
171.799999999995,0.999999999999996
171.899999999995,0.999999999999996
171.999999999995,0.999999999999996
172.099999999995,0.999999999999996
172.199999999995,0.999999999999996
172.299999999994,0.999999999999996
172.399999999994,0.999999999999996
172.499999999994,0.999999999999996
172.599999999994,0.999999999999996
172.699999999994,0.999999999999996
172.799999999994,0.999999999999996
172.899999999994,0.999999999999996
172.999999999994,0.999999999999996
173.099999999994,0.999999999999996
173.199999999994,0.999999999999996
173.299999999994,0.999999999999996
173.399999999994,0.999999999999996
173.499999999994,0.999999999999996
173.599999999994,0.999999999999996
173.699999999994,0.999999999999996
173.799999999994,0.999999999999996
173.899999999994,0.999999999999996
173.999999999994,0.999999999999996
174.099999999994,0.999999999999996
174.199999999994,0.999999999999996
174.299999999994,0.999999999999996
174.399999999994,0.999999999999996
174.499999999994,0.999999999999996
174.599999999994,0.999999999999996
174.699999999994,0.999999999999996
174.799999999994,0.999999999999996
174.899999999994,0.999999999999996
174.999999999994,0.999999999999996
175.099999999994,0.999999999999996
175.199999999994,0.999999999999996
175.299999999994,0.999999999999996
175.399999999994,0.999999999999996
175.499999999994,0.999999999999996
175.599999999994,0.999999999999996
175.699999999994,0.999999999999996
175.799999999994,0.999999999999996
175.899999999994,0.999999999999996
175.999999999994,0.999999999999996
176.099999999994,0.999999999999996
176.199999999994,0.999999999999996
176.299999999994,0.999999999999996
176.399999999994,0.999999999999996
176.499999999994,0.999999999999996
176.599999999994,0.999999999999996
176.699999999994,0.999999999999996
176.799999999994,0.999999999999996
176.899999999994,0.999999999999996
176.999999999994,0.999999999999996
177.099999999994,0.999999999999996
177.199999999994,0.999999999999996
177.299999999994,0.999999999999996
177.399999999994,0.999999999999996
177.499999999994,0.999999999999996
177.599999999994,0.999999999999996
177.699999999994,0.999999999999996
177.799999999994,0.999999999999996
177.899999999994,0.999999999999996
177.999999999994,0.999999999999996
178.099999999994,0.999999999999996
178.199999999994,0.999999999999996
178.299999999994,0.999999999999996
178.399999999994,0.999999999999996
178.499999999994,0.999999999999996
178.599999999994,0.999999999999996
178.699999999994,0.999999999999996
178.799999999994,0.999999999999996
178.899999999994,0.999999999999996
178.999999999994,0.999999999999996
179.099999999994,0.999999999999996
179.199999999994,0.999999999999996
179.299999999994,0.999999999999996
179.399999999994,0.999999999999996
179.499999999994,0.999999999999996
179.599999999994,0.999999999999996
179.699999999994,0.999999999999996
179.799999999994,0.999999999999996
179.899999999994,0.999999999999996
179.999999999994,0.999999999999996
180.099999999994,0.999999999999996
180.199999999994,0.999999999999996
180.299999999994,0.999999999999996
180.399999999994,0.999999999999996
180.499999999994,0.999999999999996
180.599999999994,0.999999999999996
180.699999999994,0.999999999999996
180.799999999994,0.999999999999996
180.899999999994,0.999999999999996
180.999999999994,0.999999999999996
181.099999999994,0.999999999999996
181.199999999994,0.999999999999996
181.299999999994,0.999999999999996
181.399999999994,0.999999999999996
181.499999999994,0.999999999999996
181.599999999994,0.999999999999996
181.699999999994,0.999999999999996
181.799999999994,0.999999999999996
181.899999999994,0.999999999999996
181.999999999994,0.999999999999996
182.099999999994,0.999999999999996
182.199999999994,0.999999999999996
182.299999999994,0.999999999999996
182.399999999994,0.999999999999996
182.499999999994,0.999999999999996
182.599999999994,0.999999999999996
182.699999999994,0.999999999999996
182.799999999994,0.999999999999996
182.899999999994,0.999999999999996
182.999999999994,0.999999999999996
183.099999999994,0.999999999999996
183.199999999994,0.999999999999996
183.299999999994,0.999999999999996
183.399999999994,0.999999999999996
183.499999999994,0.999999999999996
183.599999999994,0.999999999999996
183.699999999994,0.999999999999996
183.799999999994,0.999999999999996
183.899999999994,0.999999999999996
183.999999999994,0.999999999999996
184.099999999994,0.999999999999996
184.199999999994,0.999999999999996
184.299999999994,0.999999999999996
184.399999999994,0.999999999999996
184.499999999994,0.999999999999996
184.599999999994,0.999999999999996
184.699999999994,0.999999999999996
184.799999999994,0.999999999999996
184.899999999994,0.999999999999996
184.999999999994,0.999999999999996
185.099999999994,0.999999999999996
185.199999999994,0.999999999999996
185.299999999994,0.999999999999996
185.399999999994,0.999999999999996
185.499999999994,0.999999999999996
185.599999999994,0.999999999999996
185.699999999994,0.999999999999996
185.799999999994,0.999999999999996
185.899999999994,0.999999999999996
185.999999999994,0.999999999999996
186.099999999994,0.999999999999996
186.199999999994,0.999999999999996
186.299999999994,0.999999999999996
186.399999999994,0.999999999999996
186.499999999994,0.999999999999996
186.599999999994,0.999999999999996
186.699999999994,0.999999999999996
186.799999999994,0.999999999999996
186.899999999994,0.999999999999996
186.999999999994,0.999999999999996
187.099999999994,0.999999999999996
187.199999999994,0.999999999999996
187.299999999994,0.999999999999996
187.399999999994,0.999999999999996
187.499999999994,0.999999999999996
187.599999999994,0.999999999999996
187.699999999994,0.999999999999996
187.799999999994,0.999999999999996
187.899999999994,0.999999999999996
187.999999999994,0.999999999999996
188.099999999994,0.999999999999996
188.199999999994,0.999999999999996
188.299999999994,0.999999999999996
188.399999999994,0.999999999999996
188.499999999994,0.999999999999996
188.599999999994,0.999999999999996
188.699999999994,0.999999999999996
188.799999999994,0.999999999999996
188.899999999994,0.999999999999996
188.999999999994,0.999999999999996
189.099999999994,0.999999999999996
189.199999999994,0.999999999999996
189.299999999994,0.999999999999996
189.399999999994,0.999999999999996
189.499999999994,0.999999999999996
189.599999999994,0.999999999999996
189.699999999994,0.999999999999996
189.799999999994,0.999999999999996
189.899999999993,0.999999999999996
189.999999999993,0.999999999999996
190.099999999993,0.999999999999996
190.199999999993,0.999999999999996
190.299999999993,0.999999999999996
190.399999999993,0.999999999999996
190.499999999993,0.999999999999996
190.599999999993,0.999999999999996
190.699999999993,0.999999999999996
190.799999999993,0.999999999999996
190.899999999993,0.999999999999996
190.999999999993,0.999999999999996
191.099999999993,0.999999999999996
191.199999999993,0.999999999999996
191.299999999993,0.999999999999996
191.399999999993,0.999999999999996
191.499999999993,0.999999999999996
191.599999999993,0.999999999999996
191.699999999993,0.999999999999996
191.799999999993,0.999999999999996
191.899999999993,0.999999999999996
191.999999999993,0.999999999999996
192.099999999993,0.999999999999996
192.199999999993,0.999999999999996
192.299999999993,0.999999999999996
192.399999999993,0.999999999999996
192.499999999993,0.999999999999996
192.599999999993,0.999999999999996
192.699999999993,0.999999999999996
192.799999999993,0.999999999999996
192.899999999993,0.999999999999996
192.999999999993,0.999999999999996
193.099999999993,0.999999999999996
193.199999999993,0.999999999999996
193.299999999993,0.999999999999996
193.399999999993,0.999999999999996
193.499999999993,0.999999999999996
193.599999999993,0.999999999999996
193.699999999993,0.999999999999996
193.799999999993,0.999999999999996
193.899999999993,0.999999999999996
193.999999999993,0.999999999999996
194.099999999993,0.999999999999996
194.199999999993,0.999999999999996
194.299999999993,0.999999999999996
194.399999999993,0.999999999999996
194.499999999993,0.999999999999996
194.599999999993,0.999999999999996
194.699999999993,0.999999999999996
194.799999999993,0.999999999999996
194.899999999993,0.999999999999996
194.999999999993,0.999999999999996
195.099999999993,0.999999999999996
195.199999999993,0.999999999999996
195.299999999993,0.999999999999996
195.399999999993,0.999999999999996
195.499999999993,0.999999999999996
195.599999999993,0.999999999999996
195.699999999993,0.999999999999996
195.799999999993,0.999999999999996
195.899999999993,0.999999999999996
195.999999999993,0.999999999999996
196.099999999993,0.999999999999996
196.199999999993,0.999999999999996
196.299999999993,0.999999999999996
196.399999999993,0.999999999999996
196.499999999993,0.999999999999996
196.599999999993,0.999999999999996
196.699999999993,0.999999999999996
196.799999999993,0.999999999999996
196.899999999993,0.999999999999996
196.999999999993,0.999999999999996
197.099999999993,0.999999999999996
197.199999999993,0.999999999999996
197.299999999993,0.999999999999996
197.399999999993,0.999999999999996
197.499999999993,0.999999999999996
197.599999999993,0.999999999999996
197.699999999993,0.999999999999996
197.799999999993,0.999999999999996
197.899999999993,0.999999999999996
197.999999999993,0.999999999999996
198.099999999993,0.999999999999996
198.199999999993,0.999999999999996
198.299999999993,0.999999999999996
198.399999999993,0.999999999999996
198.499999999993,0.999999999999996
198.599999999993,0.999999999999996
198.699999999993,0.999999999999996
198.799999999993,0.999999999999996
198.899999999993,0.999999999999996
198.999999999993,0.999999999999996
199.099999999993,0.999999999999996
199.199999999993,0.999999999999996
199.299999999993,0.999999999999996
199.399999999993,0.999999999999996
199.499999999993,0.999999999999996
199.599999999993,0.999999999999996
199.699999999993,0.999999999999996
199.799999999993,0.999999999999996
199.899999999993,0.999999999999996
199.999999999993,0.999999999999996
200.099999999993,0.999999999999996
200.199999999993,0.999999999999996
200.299999999993,0.999999999999996
200.399999999993,0.999999999999996
200.499999999993,0.999999999999996
200.599999999993,0.999999999999996
200.699999999993,0.999999999999996
200.799999999993,0.999999999999996
200.899999999993,0.999999999999996
200.999999999993,0.999999999999996
201.099999999993,0.999999999999996
201.199999999993,0.999999999999996
201.299999999993,0.999999999999996
201.399999999993,0.999999999999996
201.499999999993,0.999999999999996
201.599999999993,0.999999999999996
201.699999999993,0.999999999999996
201.799999999993,0.999999999999996
201.899999999993,0.999999999999996
201.999999999993,0.999999999999996
202.099999999993,0.999999999999996
202.199999999993,0.999999999999996
202.299999999993,0.999999999999996
202.399999999993,0.999999999999996
202.499999999993,0.999999999999996
202.599999999993,0.999999999999996
202.699999999993,0.999999999999996
202.799999999993,0.999999999999996
202.899999999993,0.999999999999996
202.999999999993,0.999999999999996
203.099999999993,0.999999999999996
203.199999999993,0.999999999999996
203.299999999993,0.999999999999996
203.399999999993,0.999999999999996
203.499999999993,0.999999999999996
203.599999999993,0.999999999999996
203.699999999993,0.999999999999996
203.799999999993,0.999999999999996
203.899999999993,0.999999999999996
203.999999999993,0.999999999999996
204.099999999993,0.999999999999996
204.199999999993,0.999999999999996
204.299999999993,0.999999999999996
204.399999999993,0.999999999999996
204.499999999993,0.999999999999996
204.599999999993,0.999999999999996
204.699999999993,0.999999999999996
204.799999999993,0.999999999999996
204.899999999993,0.999999999999996
204.999999999993,0.999999999999996
205.099999999993,0.999999999999996
205.199999999993,0.999999999999996
205.299999999993,0.999999999999996
205.399999999993,0.999999999999996
205.499999999993,0.999999999999996
205.599999999993,0.999999999999996
205.699999999993,0.999999999999996
205.799999999993,0.999999999999996
205.899999999993,0.999999999999996
205.999999999993,0.999999999999996
206.099999999993,0.999999999999996
206.199999999993,0.999999999999996
206.299999999993,0.999999999999996
206.399999999993,0.999999999999996
206.499999999993,0.999999999999996
206.599999999993,0.999999999999996
206.699999999993,0.999999999999996
206.799999999993,0.999999999999996
206.899999999993,0.999999999999996
206.999999999993,0.999999999999996
207.099999999993,0.999999999999996
207.199999999993,0.999999999999996
207.299999999993,0.999999999999996
207.399999999993,0.999999999999996
207.499999999992,0.999999999999996
207.599999999992,0.999999999999996
207.699999999992,0.999999999999996
207.799999999992,0.999999999999996
207.899999999992,0.999999999999996
207.999999999992,0.999999999999996
208.099999999992,0.999999999999996
208.199999999992,0.999999999999996
208.299999999992,0.999999999999996
208.399999999992,0.999999999999996
208.499999999992,0.999999999999996
208.599999999992,0.999999999999996
208.699999999992,0.999999999999996
208.799999999992,0.999999999999996
208.899999999992,0.999999999999996
208.999999999992,0.999999999999996
209.099999999992,0.999999999999996
209.199999999992,0.999999999999996
209.299999999992,0.999999999999996
209.399999999992,0.999999999999996
209.499999999992,0.999999999999996
209.599999999992,0.999999999999996
209.699999999992,0.999999999999996
209.799999999992,0.999999999999996
209.899999999992,0.999999999999996
209.999999999992,0.999999999999996
210.099999999992,0.999999999999996
210.199999999992,0.999999999999996
210.299999999992,0.999999999999996
210.399999999992,0.999999999999996
210.499999999992,0.999999999999996
210.599999999992,0.999999999999996
210.699999999992,0.999999999999996
210.799999999992,0.999999999999996
210.899999999992,0.999999999999996
210.999999999992,0.999999999999996
211.099999999992,0.999999999999996
211.199999999992,0.999999999999996
211.299999999992,0.999999999999996
211.399999999992,0.999999999999996
211.499999999992,0.999999999999996
211.599999999992,0.999999999999996
211.699999999992,0.999999999999996
211.799999999992,0.999999999999996
211.899999999992,0.999999999999996
211.999999999992,0.999999999999996
212.099999999992,0.999999999999996
212.199999999992,0.999999999999996
212.299999999992,0.999999999999996
212.399999999992,0.999999999999996
212.499999999992,0.999999999999996
212.599999999992,0.999999999999996
212.699999999992,0.999999999999996
212.799999999992,0.999999999999996
212.899999999992,0.999999999999996
212.999999999992,0.999999999999996
213.099999999992,0.999999999999996
213.199999999992,0.999999999999996
213.299999999992,0.999999999999996
213.399999999992,0.999999999999996
213.499999999992,0.999999999999996
213.599999999992,0.999999999999996
213.699999999992,0.999999999999996
213.799999999992,0.999999999999996
213.899999999992,0.999999999999996
213.999999999992,0.999999999999996
214.099999999992,0.999999999999996
214.199999999992,0.999999999999996
214.299999999992,0.999999999999996
214.399999999992,0.999999999999996
214.499999999992,0.999999999999996
214.599999999992,0.999999999999996
214.699999999992,0.999999999999996
214.799999999992,0.999999999999996
214.899999999992,0.999999999999996
214.999999999992,0.999999999999996
215.099999999992,0.999999999999996
215.199999999992,0.999999999999996
215.299999999992,0.999999999999996
215.399999999992,0.999999999999996
215.499999999992,0.999999999999996
215.599999999992,0.999999999999996
215.699999999992,0.999999999999996
215.799999999992,0.999999999999996
215.899999999992,0.999999999999996
215.999999999992,0.999999999999996
216.099999999992,0.999999999999996
216.199999999992,0.999999999999996
216.299999999992,0.999999999999996
216.399999999992,0.999999999999996
216.499999999992,0.999999999999996
216.599999999992,0.999999999999996
216.699999999992,0.999999999999996
216.799999999992,0.999999999999996
216.899999999992,0.999999999999996
216.999999999992,0.999999999999996
217.099999999992,0.999999999999996
217.199999999992,0.999999999999996
217.299999999992,0.999999999999996
217.399999999992,0.999999999999996
217.499999999992,0.999999999999996
217.599999999992,0.999999999999996
217.699999999992,0.999999999999996
217.799999999992,0.999999999999996
217.899999999992,0.999999999999996
217.999999999992,0.999999999999996
218.099999999992,0.999999999999996
218.199999999992,0.999999999999996
218.299999999992,0.999999999999996
218.399999999992,0.999999999999996
218.499999999992,0.999999999999996
218.599999999992,0.999999999999996
218.699999999992,0.999999999999996
218.799999999992,0.999999999999996
218.899999999992,0.999999999999996
218.999999999992,0.999999999999996
219.099999999992,0.999999999999996
219.199999999992,0.999999999999996
219.299999999992,0.999999999999996
219.399999999992,0.999999999999996
219.499999999992,0.999999999999996
219.599999999992,0.999999999999996
219.699999999992,0.999999999999996
219.799999999992,0.999999999999996
219.899999999992,0.999999999999996
219.999999999992,0.999999999999996
220.099999999992,0.999999999999996
220.199999999992,0.999999999999996
220.299999999992,0.999999999999996
220.399999999992,0.999999999999996
220.499999999992,0.999999999999996
220.599999999992,0.999999999999996
220.699999999992,0.999999999999996
220.799999999992,0.999999999999996
220.899999999992,0.999999999999996
220.999999999992,0.999999999999996
221.099999999992,0.999999999999996
221.199999999992,0.999999999999996
221.299999999992,0.999999999999996
221.399999999992,0.999999999999996
221.499999999992,0.999999999999996
221.599999999992,0.999999999999996
221.699999999992,0.999999999999996
221.799999999992,0.999999999999996
221.899999999992,0.999999999999996
221.999999999992,0.999999999999996
222.099999999992,0.999999999999996
222.199999999992,0.999999999999996
222.299999999992,0.999999999999996
222.399999999992,0.999999999999996
222.499999999992,0.999999999999996
222.599999999992,0.999999999999996
222.699999999992,0.999999999999996
222.799999999992,0.999999999999996
222.899999999992,0.999999999999996
222.999999999992,0.999999999999996
223.099999999992,0.999999999999996
223.199999999992,0.999999999999996
223.299999999992,0.999999999999996
223.399999999992,0.999999999999996
223.499999999992,0.999999999999996
223.599999999992,0.999999999999996
223.699999999992,0.999999999999996
223.799999999992,0.999999999999996
223.899999999992,0.999999999999996
223.999999999992,0.999999999999996
224.099999999992,0.999999999999996
224.199999999992,0.999999999999996
224.299999999992,0.999999999999996
224.399999999992,0.999999999999996
224.499999999992,0.999999999999996
224.599999999992,0.999999999999996
224.699999999992,0.999999999999996
224.799999999992,0.999999999999996
224.899999999992,0.999999999999996
224.999999999992,0.999999999999996
225.099999999991,0.999999999999996
225.199999999991,0.999999999999996
225.299999999991,0.999999999999996
225.399999999991,0.999999999999996
225.499999999991,0.999999999999996
225.599999999991,0.999999999999996
225.699999999991,0.999999999999996
225.799999999991,0.999999999999996
225.899999999991,0.999999999999996
225.999999999991,0.999999999999996
226.099999999991,0.999999999999996
226.199999999991,0.999999999999996
226.299999999991,0.999999999999996
226.399999999991,0.999999999999996
226.499999999991,0.999999999999996
226.599999999991,0.999999999999996
226.699999999991,0.999999999999996
226.799999999991,0.999999999999996
226.899999999991,0.999999999999996
226.999999999991,0.999999999999996
227.099999999991,0.999999999999996
227.199999999991,0.999999999999996
227.299999999991,0.999999999999996
227.399999999991,0.999999999999996
227.499999999991,0.999999999999996
227.599999999991,0.999999999999996
227.699999999991,0.999999999999996
227.799999999991,0.999999999999996
227.899999999991,0.999999999999996
227.999999999991,0.999999999999996
228.099999999991,0.999999999999996
228.199999999991,0.999999999999996
228.299999999991,0.999999999999996
228.399999999991,0.999999999999996
228.499999999991,0.999999999999996
228.599999999991,0.999999999999996
228.699999999991,0.999999999999996
228.799999999991,0.999999999999996
228.899999999991,0.999999999999996
228.999999999991,0.999999999999996
229.099999999991,0.999999999999996
229.199999999991,0.999999999999996
229.299999999991,0.999999999999996
229.399999999991,0.999999999999996
229.499999999991,0.999999999999996
229.599999999991,0.999999999999996
229.699999999991,0.999999999999996
229.799999999991,0.999999999999996
229.899999999991,0.999999999999996
229.999999999991,0.999999999999996
230.099999999991,0.999999999999996
230.199999999991,0.999999999999996
230.299999999991,0.999999999999996
230.399999999991,0.999999999999996
230.499999999991,0.999999999999996
230.599999999991,0.999999999999996
230.699999999991,0.999999999999996
230.799999999991,0.999999999999996
230.899999999991,0.999999999999996
230.999999999991,0.999999999999996
231.099999999991,0.999999999999996
231.199999999991,0.999999999999996
231.299999999991,0.999999999999996
231.399999999991,0.999999999999996
231.499999999991,0.999999999999996
231.599999999991,0.999999999999996
231.699999999991,0.999999999999996
231.799999999991,0.999999999999996
231.899999999991,0.999999999999996
231.999999999991,0.999999999999996
232.099999999991,0.999999999999996
232.199999999991,0.999999999999996
232.299999999991,0.999999999999996
232.399999999991,0.999999999999996
232.499999999991,0.999999999999996
232.599999999991,0.999999999999996
232.699999999991,0.999999999999996
232.799999999991,0.999999999999996
232.899999999991,0.999999999999996
232.999999999991,0.999999999999996
233.099999999991,0.999999999999996
233.199999999991,0.999999999999996
233.299999999991,0.999999999999996
233.399999999991,0.999999999999996
233.499999999991,0.999999999999996
233.599999999991,0.999999999999996
233.699999999991,0.999999999999996
233.799999999991,0.999999999999996
233.899999999991,0.999999999999996
233.999999999991,0.999999999999996
234.099999999991,0.999999999999996
234.199999999991,0.999999999999996
234.299999999991,0.999999999999996
234.399999999991,0.999999999999996
234.499999999991,0.999999999999996
234.599999999991,0.999999999999996
234.699999999991,0.999999999999996
234.799999999991,0.999999999999996
234.899999999991,0.999999999999996
234.999999999991,0.999999999999996
235.099999999991,0.999999999999996
235.199999999991,0.999999999999996
235.299999999991,0.999999999999996
235.399999999991,0.999999999999996
235.499999999991,0.999999999999996
235.599999999991,0.999999999999996
235.699999999991,0.999999999999996
235.799999999991,0.999999999999996
235.899999999991,0.999999999999996
235.999999999991,0.999999999999996
236.099999999991,0.999999999999996
236.199999999991,0.999999999999996
236.299999999991,0.999999999999996
236.399999999991,0.999999999999996
236.499999999991,0.999999999999996
236.599999999991,0.999999999999996
236.699999999991,0.999999999999996
236.799999999991,0.999999999999996
236.899999999991,0.999999999999996
236.999999999991,0.999999999999996
237.099999999991,0.999999999999996
237.199999999991,0.999999999999996
237.299999999991,0.999999999999996
237.399999999991,0.999999999999996
237.499999999991,0.999999999999996
237.599999999991,0.999999999999996
237.699999999991,0.999999999999996
237.799999999991,0.999999999999996
237.899999999991,0.999999999999996
237.999999999991,0.999999999999996
238.099999999991,0.999999999999996
238.199999999991,0.999999999999996
238.299999999991,0.999999999999996
238.399999999991,0.999999999999996
238.499999999991,0.999999999999996
238.599999999991,0.999999999999996
238.699999999991,0.999999999999996
238.799999999991,0.999999999999996
238.899999999991,0.999999999999996
238.999999999991,0.999999999999996
239.099999999991,0.999999999999996
239.199999999991,0.999999999999996
239.299999999991,0.999999999999996
239.399999999991,0.999999999999996
239.499999999991,0.999999999999996
239.599999999991,0.999999999999996
239.699999999991,0.999999999999996
239.799999999991,0.999999999999996
239.899999999991,0.999999999999996
239.999999999991,0.999999999999996
240.099999999991,0.999999999999996
240.199999999991,0.999999999999996
240.299999999991,0.999999999999996
240.399999999991,0.999999999999996
240.499999999991,0.999999999999996
240.599999999991,0.999999999999996
240.699999999991,0.999999999999996
240.799999999991,0.999999999999996
240.899999999991,0.999999999999996
240.999999999991,0.999999999999996
241.099999999991,0.999999999999996
241.199999999991,0.999999999999996
241.299999999991,0.999999999999996
241.399999999991,0.999999999999996
241.499999999991,0.999999999999996
241.599999999991,0.999999999999996
241.699999999991,0.999999999999996
241.799999999991,0.999999999999996
241.899999999991,0.999999999999996
241.999999999991,0.999999999999996
242.099999999991,0.999999999999996
242.199999999991,0.999999999999996
242.299999999991,0.999999999999996
242.399999999991,0.999999999999996
242.499999999991,0.999999999999996
242.599999999991,0.999999999999996
242.69999999999,0.999999999999996
242.79999999999,0.999999999999996
242.89999999999,0.999999999999996
242.99999999999,0.999999999999996
243.09999999999,0.999999999999996
243.19999999999,0.999999999999996
243.29999999999,0.999999999999996
243.39999999999,0.999999999999996
243.49999999999,0.999999999999996
243.59999999999,0.999999999999996
243.69999999999,0.999999999999996
243.79999999999,0.999999999999996
243.89999999999,0.999999999999996
243.99999999999,0.999999999999996
244.09999999999,0.999999999999996
244.19999999999,0.999999999999996
244.29999999999,0.999999999999996
244.39999999999,0.999999999999996
244.49999999999,0.999999999999996
244.59999999999,0.999999999999996
244.69999999999,0.999999999999996
244.79999999999,0.999999999999996
244.89999999999,0.999999999999996
244.99999999999,0.999999999999996
245.09999999999,0.999999999999996
245.19999999999,0.999999999999996
245.29999999999,0.999999999999996
245.39999999999,0.999999999999996
245.49999999999,0.999999999999996
245.59999999999,0.999999999999996
245.69999999999,0.999999999999996
245.79999999999,0.999999999999996
245.89999999999,0.999999999999996
245.99999999999,0.999999999999996
246.09999999999,0.999999999999996
246.19999999999,0.999999999999996
246.29999999999,0.999999999999996
246.39999999999,0.999999999999996
246.49999999999,0.999999999999996
246.59999999999,0.999999999999996
246.69999999999,0.999999999999996
246.79999999999,0.999999999999996
246.89999999999,0.999999999999996
246.99999999999,0.999999999999996
247.09999999999,0.999999999999996
247.19999999999,0.999999999999996
247.29999999999,0.999999999999996
247.39999999999,0.999999999999996
247.49999999999,0.999999999999996
247.59999999999,0.999999999999996
247.69999999999,0.999999999999996
247.79999999999,0.999999999999996
247.89999999999,0.999999999999996
247.99999999999,0.999999999999996
248.09999999999,0.999999999999996
248.19999999999,0.999999999999996
248.29999999999,0.999999999999996
248.39999999999,0.999999999999996
248.49999999999,0.999999999999996
248.59999999999,0.999999999999996
248.69999999999,0.999999999999996
248.79999999999,0.999999999999996
248.89999999999,0.999999999999996
248.99999999999,0.999999999999996
249.09999999999,0.999999999999996
249.19999999999,0.999999999999996
249.29999999999,0.999999999999996
249.39999999999,0.999999999999996
249.49999999999,0.999999999999996
249.59999999999,0.999999999999996
249.69999999999,0.999999999999996
249.79999999999,0.999999999999996
249.89999999999,0.999999999999996
249.99999999999,0.999999999999996
250.09999999999,0.999999999999996
250.19999999999,0.999999999999996
250.29999999999,0.999999999999996
250.39999999999,0.999999999999996
250.49999999999,0.999999999999996
250.59999999999,0.999999999999996
250.69999999999,0.999999999999996
250.79999999999,0.999999999999996
250.89999999999,0.999999999999996
250.99999999999,0.999999999999996
251.09999999999,0.999999999999996
251.19999999999,0.999999999999996
251.29999999999,0.999999999999996
251.39999999999,0.999999999999996
251.49999999999,0.999999999999996
251.59999999999,0.999999999999996
251.69999999999,0.999999999999996
251.79999999999,0.999999999999996
251.89999999999,0.999999999999996
251.99999999999,0.999999999999996
252.09999999999,0.999999999999996
252.19999999999,0.999999999999996
252.29999999999,0.999999999999996
252.39999999999,0.999999999999996
252.49999999999,0.999999999999996
252.59999999999,0.999999999999996
252.69999999999,0.999999999999996
252.79999999999,0.999999999999996
252.89999999999,0.999999999999996
252.99999999999,0.999999999999996
253.09999999999,0.999999999999996
253.19999999999,0.999999999999996
253.29999999999,0.999999999999996
253.39999999999,0.999999999999996
253.49999999999,0.999999999999996
253.59999999999,0.999999999999996
253.69999999999,0.999999999999996
253.79999999999,0.999999999999996
253.89999999999,0.999999999999996
253.99999999999,0.999999999999996
254.09999999999,0.999999999999996
254.19999999999,0.999999999999996
254.29999999999,0.999999999999996
254.39999999999,0.999999999999996
254.49999999999,0.999999999999996
254.59999999999,0.999999999999996
254.69999999999,0.999999999999996
254.79999999999,0.999999999999996
254.89999999999,0.999999999999996
254.99999999999,0.999999999999996
255.09999999999,0.999999999999996
255.19999999999,0.999999999999996
255.29999999999,0.999999999999996
255.39999999999,0.999999999999996
255.49999999999,0.999999999999996
255.59999999999,0.999999999999996
255.69999999999,0.999999999999996
255.79999999999,0.999999999999996
255.89999999999,0.999999999999996
255.99999999999,0.999999999999996
256.09999999999,0.999999999999996
256.19999999999,0.999999999999996
256.29999999999,0.999999999999996
256.39999999999,0.999999999999996
256.49999999999,0.999999999999996
256.59999999999,0.999999999999996
256.69999999999,0.999999999999996
256.79999999999,0.999999999999996
256.89999999999,0.999999999999996
256.99999999999,0.999999999999996
257.09999999999,0.999999999999996
257.19999999999,0.999999999999996
257.29999999999,0.999999999999996
257.39999999999,0.999999999999996
257.49999999999,0.999999999999996
257.59999999999,0.999999999999996
257.69999999999,0.999999999999996
257.79999999999,0.999999999999996
257.89999999999,0.999999999999996
257.99999999999,0.999999999999996
258.09999999999,0.999999999999996
258.19999999999,0.999999999999996
258.29999999999,0.999999999999996
258.39999999999,0.999999999999996
258.49999999999,0.999999999999996
258.59999999999,0.999999999999996
258.69999999999,0.999999999999996
258.79999999999,0.999999999999996
258.89999999999,0.999999999999996
258.99999999999,0.999999999999996
259.09999999999,0.999999999999996
259.19999999999,0.999999999999996
259.29999999999,0.999999999999996
259.39999999999,0.999999999999996
259.499999999991,0.999999999999996
259.599999999991,0.999999999999996
259.699999999991,0.999999999999996
259.799999999991,0.999999999999996
259.899999999991,0.999999999999996
259.999999999991,0.999999999999996
260.099999999991,0.999999999999996
260.199999999991,0.999999999999996
260.299999999991,0.999999999999996
260.399999999991,0.999999999999996
260.499999999991,0.999999999999996
260.599999999991,0.999999999999996
260.699999999991,0.999999999999996
260.799999999991,0.999999999999996
260.899999999991,0.999999999999996
260.999999999991,0.999999999999996
261.099999999991,0.999999999999996
261.199999999991,0.999999999999996
261.299999999991,0.999999999999996
261.399999999991,0.999999999999996
261.499999999991,0.999999999999996
261.599999999991,0.999999999999996
261.699999999991,0.999999999999996
261.799999999991,0.999999999999996
261.899999999991,0.999999999999996
261.999999999991,0.999999999999996
262.099999999991,0.999999999999996
262.199999999991,0.999999999999996
262.299999999991,0.999999999999996
262.399999999991,0.999999999999996
262.499999999991,0.999999999999996
262.599999999991,0.999999999999996
262.699999999991,0.999999999999996
262.799999999991,0.999999999999996
262.899999999991,0.999999999999996
262.999999999991,0.999999999999996
263.099999999991,0.999999999999996
263.199999999991,0.999999999999996
263.299999999991,0.999999999999996
263.399999999991,0.999999999999996
263.499999999991,0.999999999999996
263.599999999991,0.999999999999996
263.699999999991,0.999999999999996
263.799999999991,0.999999999999996
263.899999999992,0.999999999999996
263.999999999992,0.999999999999996
264.099999999992,0.999999999999996
264.199999999992,0.999999999999996
264.299999999992,0.999999999999996
264.399999999992,0.999999999999996
264.499999999992,0.999999999999996
264.599999999992,0.999999999999996
264.699999999992,0.999999999999996
264.799999999992,0.999999999999996
264.899999999992,0.999999999999996
264.999999999992,0.999999999999996
265.099999999992,0.999999999999996
265.199999999992,0.999999999999996
265.299999999992,0.999999999999996
265.399999999992,0.999999999999996
265.499999999992,0.999999999999996
265.599999999992,0.999999999999996
265.699999999992,0.999999999999996
265.799999999992,0.999999999999996
265.899999999992,0.999999999999996
265.999999999992,0.999999999999996
266.099999999992,0.999999999999996
266.199999999992,0.999999999999996
266.299999999992,0.999999999999996
266.399999999992,0.999999999999996
266.499999999992,0.999999999999996
266.599999999992,0.999999999999996
266.699999999992,0.999999999999996
266.799999999992,0.999999999999996
266.899999999992,0.999999999999996
266.999999999992,0.999999999999996
267.099999999992,0.999999999999996
267.199999999992,0.999999999999996
267.299999999992,0.999999999999996
267.399999999992,0.999999999999996
267.499999999992,0.999999999999996
267.599999999992,0.999999999999996
267.699999999992,0.999999999999996
267.799999999992,0.999999999999996
267.899999999992,0.999999999999996
267.999999999992,0.999999999999996
268.099999999992,0.999999999999996
268.199999999992,0.999999999999996
268.299999999993,0.999999999999996
268.399999999993,0.999999999999996
268.499999999993,0.999999999999996
268.599999999993,0.999999999999996
268.699999999993,0.999999999999996
268.799999999993,0.999999999999996
268.899999999993,0.999999999999996
268.999999999993,0.999999999999996
269.099999999993,0.999999999999996
269.199999999993,0.999999999999996
269.299999999993,0.999999999999996
269.399999999993,0.999999999999996
269.499999999993,0.999999999999996
269.599999999993,0.999999999999996
269.699999999993,0.999999999999996
269.799999999993,0.999999999999996
269.899999999993,0.999999999999996
269.999999999993,0.999999999999996
270.099999999993,0.999999999999996
270.199999999993,0.999999999999996
270.299999999993,0.999999999999996
270.399999999993,0.999999999999996
270.499999999993,0.999999999999996
270.599999999993,0.999999999999996
270.699999999993,0.999999999999996
270.799999999993,0.999999999999996
270.899999999993,0.999999999999996
270.999999999993,0.999999999999996
271.099999999993,0.999999999999996
271.199999999993,0.999999999999996
271.299999999993,0.999999999999996
271.399999999993,0.999999999999996
271.499999999993,0.999999999999996
271.599999999993,0.999999999999996
271.699999999993,0.999999999999996
271.799999999993,0.999999999999996
271.899999999993,0.999999999999996
271.999999999993,0.999999999999996
272.099999999993,0.999999999999996
272.199999999993,0.999999999999996
272.299999999993,0.999999999999996
272.399999999993,0.999999999999996
272.499999999993,0.999999999999996
272.599999999993,0.999999999999996
272.699999999994,0.999999999999996
272.799999999994,0.999999999999996
272.899999999994,0.999999999999996
272.999999999994,0.999999999999996
273.099999999994,0.999999999999996
273.199999999994,0.999999999999996
273.299999999994,0.999999999999996
273.399999999994,0.999999999999996
273.499999999994,0.999999999999996
273.599999999994,0.999999999999996
273.699999999994,0.999999999999996
273.799999999994,0.999999999999996
273.899999999994,0.999999999999996
273.999999999994,0.999999999999996
274.099999999994,0.999999999999996
274.199999999994,0.999999999999996
274.299999999994,0.999999999999996
274.399999999994,0.999999999999996
274.499999999994,0.999999999999996
274.599999999994,0.999999999999996
274.699999999994,0.999999999999996
274.799999999994,0.999999999999996
274.899999999994,0.999999999999996
274.999999999994,0.999999999999996
275.099999999994,0.999999999999996
275.199999999994,0.999999999999996
275.299999999994,0.999999999999996
275.399999999994,0.999999999999996
275.499999999994,0.999999999999996
275.599999999994,0.999999999999996
275.699999999994,0.999999999999996
275.799999999994,0.999999999999996
275.899999999994,0.999999999999996
275.999999999994,0.999999999999996
276.099999999994,0.999999999999996
276.199999999994,0.999999999999996
276.299999999994,0.999999999999996
276.399999999994,0.999999999999996
276.499999999994,0.999999999999996
276.599999999994,0.999999999999996
276.699999999994,0.999999999999996
276.799999999994,0.999999999999996
276.899999999994,0.999999999999996
276.999999999994,0.999999999999996
277.099999999995,0.999999999999996
277.199999999995,0.999999999999996
277.299999999995,0.999999999999996
277.399999999995,0.999999999999996
277.499999999995,0.999999999999996
277.599999999995,0.999999999999996
277.699999999995,0.999999999999996
277.799999999995,0.999999999999996
277.899999999995,0.999999999999996
277.999999999995,0.999999999999996
278.099999999995,0.999999999999996
278.199999999995,0.999999999999996
278.299999999995,0.999999999999996
278.399999999995,0.999999999999996
278.499999999995,0.999999999999996
278.599999999995,0.999999999999996
278.699999999995,0.999999999999996
278.799999999995,0.999999999999996
278.899999999995,0.999999999999996
278.999999999995,0.999999999999996
279.099999999995,0.999999999999996
279.199999999995,0.999999999999996
279.299999999995,0.999999999999996
279.399999999995,0.999999999999996
279.499999999995,0.999999999999996
279.599999999995,0.999999999999996
279.699999999995,0.999999999999996
279.799999999995,0.999999999999996
279.899999999995,0.999999999999996
279.999999999995,0.999999999999996
280.099999999995,0.999999999999996
280.199999999995,0.999999999999996
280.299999999995,0.999999999999996
280.399999999995,0.999999999999996
280.499999999995,0.999999999999996
280.599999999995,0.999999999999996
280.699999999995,0.999999999999996
280.799999999995,0.999999999999996
280.899999999995,0.999999999999996
280.999999999995,0.999999999999996
281.099999999995,0.999999999999996
281.199999999995,0.999999999999996
281.299999999995,0.999999999999996
281.399999999995,0.999999999999996
281.499999999996,0.999999999999996
281.599999999996,0.999999999999996
281.699999999996,0.999999999999996
281.799999999996,0.999999999999996
281.899999999996,0.999999999999996
281.999999999996,0.999999999999996
282.099999999996,0.999999999999996
282.199999999996,0.999999999999996
282.299999999996,0.999999999999996
282.399999999996,0.999999999999996
282.499999999996,0.999999999999996
282.599999999996,0.999999999999996
282.699999999996,0.999999999999996
282.799999999996,0.999999999999996
282.899999999996,0.999999999999996
282.999999999996,0.999999999999996
283.099999999996,0.999999999999996
283.199999999996,0.999999999999996
283.299999999996,0.999999999999996
283.399999999996,0.999999999999996
283.499999999996,0.999999999999996
283.599999999996,0.999999999999996
283.699999999996,0.999999999999996
283.799999999996,0.999999999999996
283.899999999996,0.999999999999996
283.999999999996,0.999999999999996
284.099999999996,0.999999999999996
284.199999999996,0.999999999999996
284.299999999996,0.999999999999996
284.399999999996,0.999999999999996
284.499999999996,0.999999999999996
284.599999999996,0.999999999999996
284.699999999996,0.999999999999996
284.799999999996,0.999999999999996
284.899999999996,0.999999999999996
284.999999999996,0.999999999999996
285.099999999996,0.999999999999996
285.199999999996,0.999999999999996
285.299999999996,0.999999999999996
285.399999999996,0.999999999999996
285.499999999996,0.999999999999996
285.599999999996,0.999999999999996
285.699999999996,0.999999999999996
285.799999999996,0.999999999999996
285.899999999997,0.999999999999996
285.999999999997,0.999999999999996
286.099999999997,0.999999999999996
286.199999999997,0.999999999999996
286.299999999997,0.999999999999996
286.399999999997,0.999999999999996
286.499999999997,0.999999999999996
286.599999999997,0.999999999999996
286.699999999997,0.999999999999996
286.799999999997,0.999999999999996
286.899999999997,0.999999999999996
286.999999999997,0.999999999999996
287.099999999997,0.999999999999996
287.199999999997,0.999999999999996
287.299999999997,0.999999999999996
287.399999999997,0.999999999999996
287.499999999997,0.999999999999996
287.599999999997,0.999999999999996
287.699999999997,0.999999999999996
287.799999999997,0.999999999999996
287.899999999997,0.999999999999996
287.999999999997,0.999999999999996
288.099999999997,0.999999999999996
288.199999999997,0.999999999999996
288.299999999997,0.999999999999996
288.399999999997,0.999999999999996
288.499999999997,0.999999999999996
288.599999999997,0.999999999999996
288.699999999997,0.999999999999996
288.799999999997,0.999999999999996
288.899999999997,0.999999999999996
288.999999999997,0.999999999999996
289.099999999997,0.999999999999996
289.199999999997,0.999999999999996
289.299999999997,0.999999999999996
289.399999999997,0.999999999999996
289.499999999997,0.999999999999996
289.599999999997,0.999999999999996
289.699999999997,0.999999999999996
289.799999999997,0.999999999999996
289.899999999997,0.999999999999996
289.999999999997,0.999999999999996
290.099999999997,0.999999999999996
290.199999999997,0.999999999999996
290.299999999998,0.999999999999996
290.399999999998,0.999999999999996
290.499999999998,0.999999999999996
290.599999999998,0.999999999999996
290.699999999998,0.999999999999996
290.799999999998,0.999999999999996
290.899999999998,0.999999999999996
290.999999999998,0.999999999999996
291.099999999998,0.999999999999996
291.199999999998,0.999999999999996
291.299999999998,0.999999999999996
291.399999999998,0.999999999999996
291.499999999998,0.999999999999996
291.599999999998,0.999999999999996
291.699999999998,0.999999999999996
291.799999999998,0.999999999999996
291.899999999998,0.999999999999996
291.999999999998,0.999999999999996
292.099999999998,0.999999999999996
292.199999999998,0.999999999999996
292.299999999998,0.999999999999996
292.399999999998,0.999999999999996
292.499999999998,0.999999999999996
292.599999999998,0.999999999999996
292.699999999998,0.999999999999996
292.799999999998,0.999999999999996
292.899999999998,0.999999999999996
292.999999999998,0.999999999999996
293.099999999998,0.999999999999996
293.199999999998,0.999999999999996
293.299999999998,0.999999999999996
293.399999999998,0.999999999999996
293.499999999998,0.999999999999996
293.599999999998,0.999999999999996
293.699999999998,0.999999999999996
293.799999999998,0.999999999999996
293.899999999998,0.999999999999996
293.999999999998,0.999999999999996
294.099999999998,0.999999999999996
294.199999999998,0.999999999999996
294.299999999998,0.999999999999996
294.399999999998,0.999999999999996
294.499999999998,0.999999999999996
294.599999999998,0.999999999999996
294.699999999999,0.999999999999996
294.799999999999,0.999999999999996
294.899999999999,0.999999999999996
294.999999999999,0.999999999999996
295.099999999999,0.999999999999996
295.199999999999,0.999999999999996
295.299999999999,0.999999999999996
295.399999999999,0.999999999999996
295.499999999999,0.999999999999996
295.599999999999,0.999999999999996
295.699999999999,0.999999999999996
295.799999999999,0.999999999999996
295.899999999999,0.999999999999996
295.999999999999,0.999999999999996
296.099999999999,0.999999999999996
296.199999999999,0.999999999999996
296.299999999999,0.999999999999996
296.399999999999,0.999999999999996
296.499999999999,0.999999999999996
296.599999999999,0.999999999999996
296.699999999999,0.999999999999996
296.799999999999,0.999999999999996
296.899999999999,0.999999999999996
296.999999999999,0.999999999999996
297.099999999999,0.999999999999996
297.199999999999,0.999999999999996
297.299999999999,0.999999999999996
297.399999999999,0.999999999999996
297.499999999999,0.999999999999996
297.599999999999,0.999999999999996
297.699999999999,0.999999999999996
297.799999999999,0.999999999999996
297.899999999999,0.999999999999996
297.999999999999,0.999999999999996
298.099999999999,0.999999999999996
298.199999999999,0.999999999999996
298.299999999999,0.999999999999996
298.399999999999,0.999999999999996
298.499999999999,0.999999999999996
298.599999999999,0.999999999999996
298.699999999999,0.999999999999996
298.799999999999,0.999999999999996
298.899999999999,0.999999999999996
298.999999999999,0.999999999999996
299.1,0.999999999999996
299.2,0.999999999999996
299.3,0.999999999999996
299.4,0.999999999999996
299.5,0.999999999999996
299.6,0.999999999999996
299.7,0.999999999999996
299.8,0.999999999999996
299.9,0.999999999999996
300,0.999999999999996
300.1,0.999999999999996
300.2,0.999999999999996
300.3,0.999999999999996
300.4,0.999999999999996
300.5,0.999999999999996
300.6,0.999999999999996
300.7,0.999999999999996
300.8,0.999999999999996
300.9,0.999999999999996
301,0.999999999999996
301.1,0.999999999999996
301.2,0.999999999999996
301.3,0.999999999999996
301.4,0.999999999999996
301.5,0.999999999999996
301.6,0.999999999999996
301.7,0.999999999999996
301.8,0.999999999999996
301.9,0.999999999999996
302,0.999999999999996
302.1,0.999999999999996
302.2,0.999999999999996
302.3,0.999999999999996
302.4,0.999999999999996
302.5,0.999999999999996
302.6,0.999999999999996
302.7,0.999999999999996
302.8,0.999999999999996
302.9,0.999999999999996
303,0.999999999999996
303.1,0.999999999999996
303.2,0.999999999999996
303.3,0.999999999999996
303.4,0.999999999999996
303.500000000001,0.999999999999996
303.600000000001,0.999999999999996
303.700000000001,0.999999999999996
303.800000000001,0.999999999999996
303.900000000001,0.999999999999996
304.000000000001,0.999999999999996
304.100000000001,0.999999999999996
304.200000000001,0.999999999999996
304.300000000001,0.999999999999996
304.400000000001,0.999999999999996
304.500000000001,0.999999999999996
304.600000000001,0.999999999999996
304.700000000001,0.999999999999996
304.800000000001,0.999999999999996
304.900000000001,0.999999999999996
305.000000000001,0.999999999999996
305.100000000001,0.999999999999996
305.200000000001,0.999999999999996
305.300000000001,0.999999999999996
305.400000000001,0.999999999999996
305.500000000001,0.999999999999996
305.600000000001,0.999999999999996
305.700000000001,0.999999999999996
305.800000000001,0.999999999999996
305.900000000001,0.999999999999996
306.000000000001,0.999999999999996
306.100000000001,0.999999999999996
306.200000000001,0.999999999999996
306.300000000001,0.999999999999996
306.400000000001,0.999999999999996
306.500000000001,0.999999999999996
306.600000000001,0.999999999999996
306.700000000001,0.999999999999996
306.800000000001,0.999999999999996
306.900000000001,0.999999999999996
307.000000000001,0.999999999999996
307.100000000001,0.999999999999996
307.200000000001,0.999999999999996
307.300000000001,0.999999999999996
307.400000000001,0.999999999999996
307.500000000001,0.999999999999996
307.600000000001,0.999999999999996
307.700000000001,0.999999999999996
307.800000000001,0.999999999999996
307.900000000002,0.999999999999996
308.000000000002,0.999999999999996
308.100000000002,0.999999999999996
308.200000000002,0.999999999999996
308.300000000002,0.999999999999996
308.400000000002,0.999999999999996
308.500000000002,0.999999999999996
308.600000000002,0.999999999999996
308.700000000002,0.999999999999996
308.800000000002,0.999999999999996
308.900000000002,0.999999999999996
309.000000000002,0.999999999999996
309.100000000002,0.999999999999996
309.200000000002,0.999999999999996
309.300000000002,0.999999999999996
309.400000000002,0.999999999999996
309.500000000002,0.999999999999996
309.600000000002,0.999999999999996
309.700000000002,0.999999999999996
309.800000000002,0.999999999999996
309.900000000002,0.999999999999996
310.000000000002,0.999999999999996
310.100000000002,0.999999999999996
310.200000000002,0.999999999999996
310.300000000002,0.999999999999996
310.400000000002,0.999999999999996
310.500000000002,0.999999999999996
310.600000000002,0.999999999999996
310.700000000002,0.999999999999996
310.800000000002,0.999999999999996
310.900000000002,0.999999999999996
311.000000000002,0.999999999999996
311.100000000002,0.999999999999996
311.200000000002,0.999999999999996
311.300000000002,0.999999999999996
311.400000000002,0.999999999999996
311.500000000002,0.999999999999996
311.600000000002,0.999999999999996
311.700000000002,0.999999999999996
311.800000000002,0.999999999999996
311.900000000002,0.999999999999996
312.000000000002,0.999999999999996
312.100000000002,0.999999999999996
312.200000000002,0.999999999999996
312.300000000003,0.999999999999996
312.400000000003,0.999999999999996
312.500000000003,0.999999999999996
312.600000000003,0.999999999999996
312.700000000003,0.999999999999996
312.800000000003,0.999999999999996
312.900000000003,0.999999999999996
313.000000000003,0.999999999999996
313.100000000003,0.999999999999996
313.200000000003,0.999999999999996
313.300000000003,0.999999999999996
313.400000000003,0.999999999999996
313.500000000003,0.999999999999996
313.600000000003,0.999999999999996
313.700000000003,0.999999999999996
313.800000000003,0.999999999999996
313.900000000003,0.999999999999996
314.000000000003,0.999999999999996
314.100000000003,0.999999999999996
314.200000000003,0.999999999999996
314.300000000003,0.999999999999996
314.400000000003,0.999999999999996
314.500000000003,0.999999999999996
314.600000000003,0.999999999999996
314.700000000003,0.999999999999996
314.800000000003,0.999999999999996
314.900000000003,0.999999999999996
315.000000000003,0.999999999999996
315.100000000003,0.999999999999996
315.200000000003,0.999999999999996
315.300000000003,0.999999999999996
315.400000000003,0.999999999999996
315.500000000003,0.999999999999996
315.600000000003,0.999999999999996
315.700000000003,0.999999999999996
315.800000000003,0.999999999999996
315.900000000003,0.999999999999996
316.000000000003,0.999999999999996
316.100000000003,0.999999999999996
316.200000000003,0.999999999999996
316.300000000003,0.999999999999996
316.400000000003,0.999999999999996
316.500000000003,0.999999999999996
316.600000000003,0.999999999999996
316.700000000004,0.999999999999996
316.800000000004,0.999999999999996
316.900000000004,0.999999999999996
317.000000000004,0.999999999999996
317.100000000004,0.999999999999996
317.200000000004,0.999999999999996
317.300000000004,0.999999999999996
317.400000000004,0.999999999999996
317.500000000004,0.999999999999996
317.600000000004,0.999999999999996
317.700000000004,0.999999999999996
317.800000000004,0.999999999999996
317.900000000004,0.999999999999996
318.000000000004,0.999999999999996
318.100000000004,0.999999999999996
318.200000000004,0.999999999999996
318.300000000004,0.999999999999996
318.400000000004,0.999999999999996
318.500000000004,0.999999999999996
318.600000000004,0.999999999999996
318.700000000004,0.999999999999996
318.800000000004,0.999999999999996
318.900000000004,0.999999999999996
319.000000000004,0.999999999999996
319.100000000004,0.999999999999996
319.200000000004,0.999999999999996
319.300000000004,0.999999999999996
319.400000000004,0.999999999999996
319.500000000004,0.999999999999996
319.600000000004,0.999999999999996
319.700000000004,0.999999999999996
319.800000000004,0.999999999999996
319.900000000004,0.999999999999996
320.000000000004,0.999999999999996
320.100000000004,0.999999999999996
320.200000000004,0.999999999999996
320.300000000004,0.999999999999996
320.400000000004,0.999999999999996
320.500000000004,0.999999999999996
320.600000000004,0.999999999999996
320.700000000004,0.999999999999996
320.800000000004,0.999999999999996
320.900000000004,0.999999999999996
321.000000000004,0.999999999999996
321.100000000005,0.999999999999996
321.200000000005,0.999999999999996
321.300000000005,0.999999999999996
321.400000000005,0.999999999999996
321.500000000005,0.999999999999996
321.600000000005,0.999999999999996
321.700000000005,0.999999999999996
321.800000000005,0.999999999999996
321.900000000005,0.999999999999996
322.000000000005,0.999999999999996
322.100000000005,0.999999999999996
322.200000000005,0.999999999999996
322.300000000005,0.999999999999996
322.400000000005,0.999999999999996
322.500000000005,0.999999999999996
322.600000000005,0.999999999999996
322.700000000005,0.999999999999996
322.800000000005,0.999999999999996
322.900000000005,0.999999999999996
323.000000000005,0.999999999999996
323.100000000005,0.999999999999996
323.200000000005,0.999999999999996
323.300000000005,0.999999999999996
323.400000000005,0.999999999999996
323.500000000005,0.999999999999996
323.600000000005,0.999999999999996
323.700000000005,0.999999999999996
323.800000000005,0.999999999999996
323.900000000005,0.999999999999996
324.000000000005,0.999999999999996
324.100000000005,0.999999999999996
324.200000000005,0.999999999999996
324.300000000005,0.999999999999996
324.400000000005,0.999999999999996
324.500000000005,0.999999999999996
324.600000000005,0.999999999999996
324.700000000005,0.999999999999996
324.800000000005,0.999999999999996
324.900000000005,0.999999999999996
325.000000000005,0.999999999999996
325.100000000005,0.999999999999996
325.200000000005,0.999999999999996
325.300000000005,0.999999999999996
325.400000000005,0.999999999999996
325.500000000006,0.999999999999996
325.600000000006,0.999999999999996
325.700000000006,0.999999999999996
325.800000000006,0.999999999999996
325.900000000006,0.999999999999996
326.000000000006,0.999999999999996
326.100000000006,0.999999999999996
326.200000000006,0.999999999999996
326.300000000006,0.999999999999996
326.400000000006,0.999999999999996
326.500000000006,0.999999999999996
326.600000000006,0.999999999999996
326.700000000006,0.999999999999996
326.800000000006,0.999999999999996
326.900000000006,0.999999999999996
327.000000000006,0.999999999999996
327.100000000006,0.999999999999996
327.200000000006,0.999999999999996
327.300000000006,0.999999999999996
327.400000000006,0.999999999999996
327.500000000006,0.999999999999996
327.600000000006,0.999999999999996
327.700000000006,0.999999999999996
327.800000000006,0.999999999999996
327.900000000006,0.999999999999996
328.000000000006,0.999999999999996
328.100000000006,0.999999999999996
328.200000000006,0.999999999999996
328.300000000006,0.999999999999996
328.400000000006,0.999999999999996
328.500000000006,0.999999999999996
328.600000000006,0.999999999999996
328.700000000006,0.999999999999996
328.800000000006,0.999999999999996
328.900000000006,0.999999999999996
329.000000000006,0.999999999999996
329.100000000006,0.999999999999996
329.200000000006,0.999999999999996
329.300000000006,0.999999999999996
329.400000000006,0.999999999999996
329.500000000006,0.999999999999996
329.600000000006,0.999999999999996
329.700000000006,0.999999999999996
329.800000000006,0.999999999999996
329.900000000007,0.999999999999996
330.000000000007,0.999999999999996
330.100000000007,0.999999999999996
330.200000000007,0.999999999999996
330.300000000007,0.999999999999996
330.400000000007,0.999999999999996
330.500000000007,0.999999999999996
330.600000000007,0.999999999999996
330.700000000007,0.999999999999996
330.800000000007,0.999999999999996
330.900000000007,0.999999999999996
331.000000000007,0.999999999999996
331.100000000007,0.999999999999996
331.200000000007,0.999999999999996
331.300000000007,0.999999999999996
331.400000000007,0.999999999999996
331.500000000007,0.999999999999996
331.600000000007,0.999999999999996
331.700000000007,0.999999999999996
331.800000000007,0.999999999999996
331.900000000007,0.999999999999996
332.000000000007,0.999999999999996
332.100000000007,0.999999999999996
332.200000000007,0.999999999999996
332.300000000007,0.999999999999996
332.400000000007,0.999999999999996
332.500000000007,0.999999999999996
332.600000000007,0.999999999999996
332.700000000007,0.999999999999996
332.800000000007,0.999999999999996
332.900000000007,0.999999999999996
333.000000000007,0.999999999999996
333.100000000007,0.999999999999996
333.200000000007,0.999999999999996
333.300000000007,0.999999999999996
333.400000000007,0.999999999999996
333.500000000007,0.999999999999996
333.600000000007,0.999999999999996
333.700000000007,0.999999999999996
333.800000000007,0.999999999999996
333.900000000007,0.999999999999996
334.000000000007,0.999999999999996
334.100000000007,0.999999999999996
334.200000000007,0.999999999999996
334.300000000008,0.999999999999996
334.400000000008,0.999999999999996
334.500000000008,0.999999999999996
334.600000000008,0.999999999999996
334.700000000008,0.999999999999996
334.800000000008,0.999999999999996
334.900000000008,0.999999999999996
335.000000000008,0.999999999999996
335.100000000008,0.999999999999996
335.200000000008,0.999999999999996
335.300000000008,0.999999999999996
335.400000000008,0.999999999999996
335.500000000008,0.999999999999996
335.600000000008,0.999999999999996
335.700000000008,0.999999999999996
335.800000000008,0.999999999999996
335.900000000008,0.999999999999996
336.000000000008,0.999999999999996
336.100000000008,0.999999999999996
336.200000000008,0.999999999999996
336.300000000008,0.999999999999996
336.400000000008,0.999999999999996
336.500000000008,0.999999999999996
336.600000000008,0.999999999999996
336.700000000008,0.999999999999996
336.800000000008,0.999999999999996
336.900000000008,0.999999999999996
337.000000000008,0.999999999999996
337.100000000008,0.999999999999996
337.200000000008,0.999999999999996
337.300000000008,0.999999999999996
337.400000000008,0.999999999999996
337.500000000008,0.999999999999996
337.600000000008,0.999999999999996
337.700000000008,0.999999999999996
337.800000000008,0.999999999999996
337.900000000008,0.999999999999996
338.000000000008,0.999999999999996
338.100000000008,0.999999999999996
338.200000000008,0.999999999999996
338.300000000008,0.999999999999996
338.400000000008,0.999999999999996
338.500000000008,0.999999999999996
338.600000000008,0.999999999999996
338.700000000009,0.999999999999996
338.800000000009,0.999999999999996
338.900000000009,0.999999999999996
339.000000000009,0.999999999999996
339.100000000009,0.999999999999996
339.200000000009,0.999999999999996
339.300000000009,0.999999999999996
339.400000000009,0.999999999999996
339.500000000009,0.999999999999996
339.600000000009,0.999999999999996
339.700000000009,0.999999999999996
339.800000000009,0.999999999999996
339.900000000009,0.999999999999996
340.000000000009,0.999999999999996
340.100000000009,0.999999999999996
340.200000000009,0.999999999999996
340.300000000009,0.999999999999996
340.400000000009,0.999999999999996
340.500000000009,0.999999999999996
340.600000000009,0.999999999999996
340.700000000009,0.999999999999996
340.800000000009,0.999999999999996
340.900000000009,0.999999999999996
341.000000000009,0.999999999999996
341.100000000009,0.999999999999996
341.200000000009,0.999999999999996
341.300000000009,0.999999999999996
341.400000000009,0.999999999999996
341.500000000009,0.999999999999996
341.600000000009,0.999999999999996
341.700000000009,0.999999999999996
341.800000000009,0.999999999999996
341.900000000009,0.999999999999996
342.000000000009,0.999999999999996
342.100000000009,0.999999999999996
342.200000000009,0.999999999999996
342.300000000009,0.999999999999996
342.400000000009,0.999999999999996
342.500000000009,0.999999999999996
342.600000000009,0.999999999999996
342.700000000009,0.999999999999996
342.800000000009,0.999999999999996
342.900000000009,0.999999999999996
343.000000000009,0.999999999999996
343.10000000001,0.999999999999996
343.20000000001,0.999999999999996
343.30000000001,0.999999999999996
343.40000000001,0.999999999999996
343.50000000001,0.999999999999996
343.60000000001,0.999999999999996
343.70000000001,0.999999999999996
343.80000000001,0.999999999999996
343.90000000001,0.999999999999996
344.00000000001,0.999999999999996
344.10000000001,0.999999999999996
344.20000000001,0.999999999999996
344.30000000001,0.999999999999996
344.40000000001,0.999999999999996
344.50000000001,0.999999999999996
344.60000000001,0.999999999999996
344.70000000001,0.999999999999996
344.80000000001,0.999999999999996
344.90000000001,0.999999999999996
345.00000000001,0.999999999999996
345.10000000001,0.999999999999996
345.20000000001,0.999999999999996
345.30000000001,0.999999999999996
345.40000000001,0.999999999999996
345.50000000001,0.999999999999996
345.60000000001,0.999999999999996
345.70000000001,0.999999999999996
345.80000000001,0.999999999999996
345.90000000001,0.999999999999996
346.00000000001,0.999999999999996
346.10000000001,0.999999999999996
346.20000000001,0.999999999999996
346.30000000001,0.999999999999996
346.40000000001,0.999999999999996
346.50000000001,0.999999999999996
346.60000000001,0.999999999999996
346.70000000001,0.999999999999996
346.80000000001,0.999999999999996
346.90000000001,0.999999999999996
347.00000000001,0.999999999999996
347.10000000001,0.999999999999996
347.20000000001,0.999999999999996
347.30000000001,0.999999999999996
347.40000000001,0.999999999999996
347.500000000011,0.999999999999996
347.600000000011,0.999999999999996
347.700000000011,0.999999999999996
347.800000000011,0.999999999999996
347.900000000011,0.999999999999996
348.000000000011,0.999999999999996
348.100000000011,0.999999999999996
348.200000000011,0.999999999999996
348.300000000011,0.999999999999996
348.400000000011,0.999999999999996
348.500000000011,0.999999999999996
348.600000000011,0.999999999999996
348.700000000011,0.999999999999996
348.800000000011,0.999999999999996
348.900000000011,0.999999999999996
349.000000000011,0.999999999999996
349.100000000011,0.999999999999996
349.200000000011,0.999999999999996
349.300000000011,0.999999999999996
349.400000000011,0.999999999999996
349.500000000011,0.999999999999996
349.600000000011,0.999999999999996
349.700000000011,0.999999999999996
349.800000000011,0.999999999999996
349.900000000011,0.999999999999996
350.000000000011,0.999999999999996
350.100000000011,0.999999999999996
350.200000000011,0.999999999999996
350.300000000011,0.999999999999996
350.400000000011,0.999999999999996
350.500000000011,0.999999999999996
350.600000000011,0.999999999999996
350.700000000011,0.999999999999996
350.800000000011,0.999999999999996
350.900000000011,0.999999999999996
351.000000000011,0.999999999999996
351.100000000011,0.999999999999996
351.200000000011,0.999999999999996
351.300000000011,0.999999999999996
351.400000000011,0.999999999999996
351.500000000011,0.999999999999996
351.600000000011,0.999999999999996
351.700000000011,0.999999999999996
351.800000000011,0.999999999999996
351.900000000012,0.999999999999996
352.000000000012,0.999999999999996
352.100000000012,0.999999999999996
352.200000000012,0.999999999999996
352.300000000012,0.999999999999996
352.400000000012,0.999999999999996
352.500000000012,0.999999999999996
352.600000000012,0.999999999999996
352.700000000012,0.999999999999996
352.800000000012,0.999999999999996
352.900000000012,0.999999999999996
353.000000000012,0.999999999999996
353.100000000012,0.999999999999996
353.200000000012,0.999999999999996
353.300000000012,0.999999999999996
353.400000000012,0.999999999999996
353.500000000012,0.999999999999996
353.600000000012,0.999999999999996
353.700000000012,0.999999999999996
353.800000000012,0.999999999999996
353.900000000012,0.999999999999996
354.000000000012,0.999999999999996
354.100000000012,0.999999999999996
354.200000000012,0.999999999999996
354.300000000012,0.999999999999996
354.400000000012,0.999999999999996
354.500000000012,0.999999999999996
354.600000000012,0.999999999999996
354.700000000012,0.999999999999996
354.800000000012,0.999999999999996
354.900000000012,0.999999999999996
355.000000000012,0.999999999999996
355.100000000012,0.999999999999996
355.200000000012,0.999999999999996
355.300000000012,0.999999999999996
355.400000000012,0.999999999999996
355.500000000012,0.999999999999996
355.600000000012,0.999999999999996
355.700000000012,0.999999999999996
355.800000000012,0.999999999999996
355.900000000012,0.999999999999996
356.000000000012,0.999999999999996
356.100000000012,0.999999999999996
356.200000000012,0.999999999999996
356.300000000013,0.999999999999996
356.400000000013,0.999999999999996
356.500000000013,0.999999999999996
356.600000000013,0.999999999999996
356.700000000013,0.999999999999996
356.800000000013,0.999999999999996
356.900000000013,0.999999999999996
357.000000000013,0.999999999999996
357.100000000013,0.999999999999996
357.200000000013,0.999999999999996
357.300000000013,0.999999999999996
357.400000000013,0.999999999999996
357.500000000013,0.999999999999996
357.600000000013,0.999999999999996
357.700000000013,0.999999999999996
357.800000000013,0.999999999999996
357.900000000013,0.999999999999996
358.000000000013,0.999999999999996
358.100000000013,0.999999999999996
358.200000000013,0.999999999999996
358.300000000013,0.999999999999996
358.400000000013,0.999999999999996
358.500000000013,0.999999999999996
358.600000000013,0.999999999999996
358.700000000013,0.999999999999996
358.800000000013,0.999999999999996
358.900000000013,0.999999999999996
359.000000000013,0.999999999999996
359.100000000013,0.999999999999996
359.200000000013,0.999999999999996
359.300000000013,0.999999999999996
359.400000000013,0.999999999999996
359.500000000013,0.999999999999996
359.600000000013,0.999999999999996
359.700000000013,0.999999999999996
359.800000000013,0.999999999999996
359.900000000013,0.999999999999996
360.000000000013,0.999999999999996
360.100000000013,0.999999999999996
360.200000000013,0.999999999999996
360.300000000013,0.999999999999996
360.400000000013,0.999999999999996
360.500000000013,0.999999999999996
360.600000000013,0.999999999999996
360.700000000014,0.999999999999996
360.800000000014,0.999999999999996
360.900000000014,0.999999999999996
361.000000000014,0.999999999999996
361.100000000014,0.999999999999996
361.200000000014,0.999999999999996
361.300000000014,0.999999999999996
361.400000000014,0.999999999999996
361.500000000014,0.999999999999996
361.600000000014,0.999999999999996
361.700000000014,0.999999999999996
361.800000000014,0.999999999999996
361.900000000014,0.999999999999996
362.000000000014,0.999999999999996
362.100000000014,0.999999999999996
362.200000000014,0.999999999999996
362.300000000014,0.999999999999996
362.400000000014,0.999999999999996
362.500000000014,0.999999999999996
362.600000000014,0.999999999999996
362.700000000014,0.999999999999996
362.800000000014,0.999999999999996
362.900000000014,0.999999999999996
363.000000000014,0.999999999999996
363.100000000014,0.999999999999996
363.200000000014,0.999999999999996
363.300000000014,0.999999999999996
363.400000000014,0.999999999999996
363.500000000014,0.999999999999996
363.600000000014,0.999999999999996
363.700000000014,0.999999999999996
363.800000000014,0.999999999999996
363.900000000014,0.999999999999996
364.000000000014,0.999999999999996
364.100000000014,0.999999999999996
364.200000000014,0.999999999999996
364.300000000014,0.999999999999996
364.400000000014,0.999999999999996
364.500000000014,0.999999999999996
364.600000000014,0.999999999999996
364.700000000014,0.999999999999996
364.800000000014,0.999999999999996
364.900000000014,0.999999999999996
365.000000000014,0.999999999999996
365.100000000015,0.999999999999996
365.200000000015,0.999999999999996
365.300000000015,0.999999999999996
365.400000000015,0.999999999999996
365.500000000015,0.999999999999996
365.600000000015,0.999999999999996
365.700000000015,0.999999999999996
365.800000000015,0.999999999999996
365.900000000015,0.999999999999996
366.000000000015,0.999999999999996
366.100000000015,0.999999999999996
366.200000000015,0.999999999999996
366.300000000015,0.999999999999996
366.400000000015,0.999999999999996
366.500000000015,0.999999999999996
366.600000000015,0.999999999999996
366.700000000015,0.999999999999996
366.800000000015,0.999999999999996
366.900000000015,0.999999999999996
367.000000000015,0.999999999999996
367.100000000015,0.999999999999996
367.200000000015,0.999999999999996
367.300000000015,0.999999999999996
367.400000000015,0.999999999999996
367.500000000015,0.999999999999996
367.600000000015,0.999999999999996
367.700000000015,0.999999999999996
367.800000000015,0.999999999999996
367.900000000015,0.999999999999996
368.000000000015,0.999999999999996
368.100000000015,0.999999999999996
368.200000000015,0.999999999999996
368.300000000015,0.999999999999996
368.400000000015,0.999999999999996
368.500000000015,0.999999999999996
368.600000000015,0.999999999999996
368.700000000015,0.999999999999996
368.800000000015,0.999999999999996
368.900000000015,0.999999999999996
369.000000000015,0.999999999999996
369.100000000015,0.999999999999996
369.200000000015,0.999999999999996
369.300000000015,0.999999999999996
369.400000000015,0.999999999999996
369.500000000016,0.999999999999996
369.600000000016,0.999999999999996
369.700000000016,0.999999999999996
369.800000000016,0.999999999999996
369.900000000016,0.999999999999996
370.000000000016,0.999999999999996
370.100000000016,0.999999999999996
370.200000000016,0.999999999999996
370.300000000016,0.999999999999996
370.400000000016,0.999999999999996
370.500000000016,0.999999999999996
370.600000000016,0.999999999999996
370.700000000016,0.999999999999996
370.800000000016,0.999999999999996
370.900000000016,0.999999999999996
371.000000000016,0.999999999999996
371.100000000016,0.999999999999996
371.200000000016,0.999999999999996
371.300000000016,0.999999999999996
371.400000000016,0.999999999999996
371.500000000016,0.999999999999996
371.600000000016,0.999999999999996
371.700000000016,0.999999999999996
371.800000000016,0.999999999999996
371.900000000016,0.999999999999996
372.000000000016,0.999999999999996
372.100000000016,0.999999999999996
372.200000000016,0.999999999999996
372.300000000016,0.999999999999996
372.400000000016,0.999999999999996
372.500000000016,0.999999999999996
372.600000000016,0.999999999999996
372.700000000016,0.999999999999996
372.800000000016,0.999999999999996
372.900000000016,0.999999999999996
373.000000000016,0.999999999999996
373.100000000016,0.999999999999996
373.200000000016,0.999999999999996
373.300000000016,0.999999999999996
373.400000000016,0.999999999999996
373.500000000016,0.999999999999996
373.600000000016,0.999999999999996
373.700000000016,0.999999999999996
373.800000000016,0.999999999999996
373.900000000017,0.999999999999996
374.000000000017,0.999999999999996
374.100000000017,0.999999999999996
374.200000000017,0.999999999999996
374.300000000017,0.999999999999996
374.400000000017,0.999999999999996
374.500000000017,0.999999999999996
374.600000000017,0.999999999999996
374.700000000017,0.999999999999996
374.800000000017,0.999999999999996
374.900000000017,0.999999999999996
375.000000000017,0.999999999999996
375.100000000017,0.999999999999996
375.200000000017,0.999999999999996
375.300000000017,0.999999999999996
375.400000000017,0.999999999999996
375.500000000017,0.999999999999996
375.600000000017,0.999999999999996
375.700000000017,0.999999999999996
375.800000000017,0.999999999999996
375.900000000017,0.999999999999996
376.000000000017,0.999999999999996
376.100000000017,0.999999999999996
376.200000000017,0.999999999999996
376.300000000017,0.999999999999996
376.400000000017,0.999999999999996
376.500000000017,0.999999999999996
376.600000000017,0.999999999999996
376.700000000017,0.999999999999996
376.800000000017,0.999999999999996
376.900000000017,0.999999999999996
377.000000000017,0.999999999999996
377.100000000017,0.999999999999996
377.200000000017,0.999999999999996
377.300000000017,0.999999999999996
377.400000000017,0.999999999999996
377.500000000017,0.999999999999996
377.600000000017,0.999999999999996
377.700000000017,0.999999999999996
377.800000000017,0.999999999999996
377.900000000017,0.999999999999996
378.000000000017,0.999999999999996
378.100000000017,0.999999999999996
378.200000000017,0.999999999999996
378.300000000018,0.999999999999996
378.400000000018,0.999999999999996
378.500000000018,0.999999999999996
378.600000000018,0.999999999999996
378.700000000018,0.999999999999996
378.800000000018,0.999999999999996
378.900000000018,0.999999999999996
379.000000000018,0.999999999999996
379.100000000018,0.999999999999996
379.200000000018,0.999999999999996
379.300000000018,0.999999999999996
379.400000000018,0.999999999999996
379.500000000018,0.999999999999996
379.600000000018,0.999999999999996
379.700000000018,0.999999999999996
379.800000000018,0.999999999999996
379.900000000018,0.999999999999996
380.000000000018,0.999999999999996
380.100000000018,0.999999999999996
380.200000000018,0.999999999999996
380.300000000018,0.999999999999996
380.400000000018,0.999999999999996
380.500000000018,0.999999999999996
380.600000000018,0.999999999999996
380.700000000018,0.999999999999996
380.800000000018,0.999999999999996
380.900000000018,0.999999999999996
381.000000000018,0.999999999999996
381.100000000018,0.999999999999996
381.200000000018,0.999999999999996
381.300000000018,0.999999999999996
381.400000000018,0.999999999999996
381.500000000018,0.999999999999996
381.600000000018,0.999999999999996
381.700000000018,0.999999999999996
381.800000000018,0.999999999999996
381.900000000018,0.999999999999996
382.000000000018,0.999999999999996
382.100000000018,0.999999999999996
382.200000000018,0.999999999999996
382.300000000018,0.999999999999996
382.400000000018,0.999999999999996
382.500000000018,0.999999999999996
382.600000000018,0.999999999999996
382.700000000019,0.999999999999996
382.800000000019,0.999999999999996
382.900000000019,0.999999999999996
383.000000000019,0.999999999999996
383.100000000019,0.999999999999996
383.200000000019,0.999999999999996
383.300000000019,0.999999999999996
383.400000000019,0.999999999999996
383.500000000019,0.999999999999996
383.600000000019,0.999999999999996
383.700000000019,0.999999999999996
383.800000000019,0.999999999999996
383.900000000019,0.999999999999996
384.000000000019,0.999999999999996
384.100000000019,0.999999999999996
384.200000000019,0.999999999999996
384.300000000019,0.999999999999996
384.400000000019,0.999999999999996
384.500000000019,0.999999999999996
384.600000000019,0.999999999999996
384.700000000019,0.999999999999996
384.800000000019,0.999999999999996
384.900000000019,0.999999999999996
385.000000000019,0.999999999999996
385.100000000019,0.999999999999996
385.200000000019,0.999999999999996
385.300000000019,0.999999999999996
385.400000000019,0.999999999999996
385.500000000019,0.999999999999996
385.600000000019,0.999999999999996
385.700000000019,0.999999999999996
385.800000000019,0.999999999999996
385.900000000019,0.999999999999996
386.000000000019,0.999999999999996
386.100000000019,0.999999999999996
386.200000000019,0.999999999999996
386.300000000019,0.999999999999996
386.400000000019,0.999999999999996
386.500000000019,0.999999999999996
386.600000000019,0.999999999999996
386.700000000019,0.999999999999996
386.800000000019,0.999999999999996
386.900000000019,0.999999999999996
387.000000000019,0.999999999999996
387.10000000002,0.999999999999996
387.20000000002,0.999999999999996
387.30000000002,0.999999999999996
387.40000000002,0.999999999999996
387.50000000002,0.999999999999996
387.60000000002,0.999999999999996
387.70000000002,0.999999999999996
387.80000000002,0.999999999999996
387.90000000002,0.999999999999996
388.00000000002,0.999999999999996
388.10000000002,0.999999999999996
388.20000000002,0.999999999999996
388.30000000002,0.999999999999996
388.40000000002,0.999999999999996
388.50000000002,0.999999999999996
388.60000000002,0.999999999999996
388.70000000002,0.999999999999996
388.80000000002,0.999999999999996
388.90000000002,0.999999999999996
389.00000000002,0.999999999999996
389.10000000002,0.999999999999996
389.20000000002,0.999999999999996
389.30000000002,0.999999999999996
389.40000000002,0.999999999999996
389.50000000002,0.999999999999996
389.60000000002,0.999999999999996
389.70000000002,0.999999999999996
389.80000000002,0.999999999999996
389.90000000002,0.999999999999996
390.00000000002,0.999999999999996
390.10000000002,0.999999999999996
390.20000000002,0.999999999999996
390.30000000002,0.999999999999996
390.40000000002,0.999999999999996
390.50000000002,0.999999999999996
390.60000000002,0.999999999999996
390.70000000002,0.999999999999996
390.80000000002,0.999999999999996
390.90000000002,0.999999999999996
391.00000000002,0.999999999999996
391.10000000002,0.999999999999996
391.20000000002,0.999999999999996
391.30000000002,0.999999999999996
391.40000000002,0.999999999999996
391.500000000021,0.999999999999996
391.600000000021,0.999999999999996
391.700000000021,0.999999999999996
391.800000000021,0.999999999999996
391.900000000021,0.999999999999996
392.000000000021,0.999999999999996
392.100000000021,0.999999999999996
392.200000000021,0.999999999999996
392.300000000021,0.999999999999996
392.400000000021,0.999999999999996
392.500000000021,0.999999999999996
392.600000000021,0.999999999999996
392.700000000021,0.999999999999996
392.800000000021,0.999999999999996
392.900000000021,0.999999999999996
393.000000000021,0.999999999999996
393.100000000021,0.999999999999996
393.200000000021,0.999999999999996
393.300000000021,0.999999999999996
393.400000000021,0.999999999999996
393.500000000021,0.999999999999996
393.600000000021,0.999999999999996
393.700000000021,0.999999999999996
393.800000000021,0.999999999999996
393.900000000021,0.999999999999996
394.000000000021,0.999999999999996
394.100000000021,0.999999999999996
394.200000000021,0.999999999999996
394.300000000021,0.999999999999996
394.400000000021,0.999999999999996
394.500000000021,0.999999999999996
394.600000000021,0.999999999999996
394.700000000021,0.999999999999996
394.800000000021,0.999999999999996
394.900000000021,0.999999999999996
395.000000000021,0.999999999999996
395.100000000021,0.999999999999996
395.200000000021,0.999999999999996
395.300000000021,0.999999999999996
395.400000000021,0.999999999999996
395.500000000021,0.999999999999996
395.600000000021,0.999999999999996
395.700000000021,0.999999999999996
395.800000000021,0.999999999999996
395.900000000022,0.999999999999996
396.000000000022,0.999999999999996
396.100000000022,0.999999999999996
396.200000000022,0.999999999999996
396.300000000022,0.999999999999996
396.400000000022,0.999999999999996
396.500000000022,0.999999999999996
396.600000000022,0.999999999999996
396.700000000022,0.999999999999996
396.800000000022,0.999999999999996
396.900000000022,0.999999999999996
397.000000000022,0.999999999999996
397.100000000022,0.999999999999996
397.200000000022,0.999999999999996
397.300000000022,0.999999999999996
397.400000000022,0.999999999999996
397.500000000022,0.999999999999996
397.600000000022,0.999999999999996
397.700000000022,0.999999999999996
397.800000000022,0.999999999999996
397.900000000022,0.999999999999996
398.000000000022,0.999999999999996
398.100000000022,0.999999999999996
398.200000000022,0.999999999999996
398.300000000022,0.999999999999996
398.400000000022,0.999999999999996
398.500000000022,0.999999999999996
398.600000000022,0.999999999999996
398.700000000022,0.999999999999996
398.800000000022,0.999999999999996
398.900000000022,0.999999999999996
399.000000000022,0.999999999999996
399.100000000022,0.999999999999996
399.200000000022,0.999999999999996
399.300000000022,0.999999999999996
399.400000000022,0.999999999999996
399.500000000022,0.999999999999996
399.600000000022,0.999999999999996
399.700000000022,0.999999999999996
399.800000000022,0.999999999999996
399.900000000022,0.999999999999996
400.000000000022,0.999999999999996
