0,0
0.1,3.94318559451256e-13
0.2,5.23234411468455e-09
0.3,8.37278444999816e-07
0.4,2.29712622934275e-05
0.5,0.000247567873193939
0.6,0.00148551693284432
0.7,0.00593362704469044
0.8,0.01754735563599
0.9,0.0412113587191069
1,0.0807712236362304
1.1,0.137053953406526
1.2,0.20711375635099
1.3,0.2850734218899
1.4,0.363962792552673
1.5,0.437586798360604
1.6,0.501717912607715
1.7,0.55441851756522
1.8,0.595695922664247
1.9,0.62684129853528
2,0.649755008236241
2.1,0.666429668667011
2.2,0.678638899040689
2.3,0.687803224393558
2.4,0.694975414955913
2.5,0.700889245464975
2.6,0.706030818499433
2.7,0.710708486744225
2.8,0.715110560997563
2.9,0.719348199790745
3,0.723485002372379
3.1,0.727556288979709
3.2,0.731581089938032
3.3,0.735569314042508
3.4,0.739525892077973
3.5,0.743453101883701
3.6,0.747351839080289
3.7,0.751222295333995
3.8,0.755064312743657
3.9,0.758877565469003
4,0.762661651222552
4.1,0.76641613666684
4.2,0.770140579666862
4.3,0.773834540114212
4.4,0.777497585193809
4.5,0.781129291985038
4.6,0.784729248799371
4.7,0.788297055924292
4.8,0.791832326089146
4.9,0.79533468479963
5,0.798803770608268
5.1,0.802239235351334
5.2,0.805640744365737
5.3,0.809007976691775
5.4,0.812340625264153
5.5,0.81563839709219
5.6,0.818901013429424
5.7,0.82212820993259
5.8,0.825319736809771
5.9,0.828475358957513
5.99999999999999,0.831594856086682
6.09999999999999,0.83467802283681
6.19999999999999,0.837724668878724
6.29999999999999,0.84073461900522
6.39999999999999,0.843707713209604
6.49999999999999,0.846643806751883
6.59999999999999,0.84954277021244
6.69999999999999,0.85240448953302
6.79999999999999,0.855228866044878
6.89999999999999,0.858015816483954
6.99999999999999,0.860765272992944
7.09999999999999,0.863477183110166
7.19999999999999,0.866151509745133
7.29999999999999,0.868788231140754
7.39999999999999,0.871387340822103
7.49999999999999,0.873948847531726
7.59999999999999,0.876472775151453
7.69999999999999,0.878959162610723
7.79999999999999,0.881408063781425
7.89999999999999,0.883819547359299
7.99999999999999,0.886193696731944
8.09999999999999,0.888530609833503
8.19999999999999,0.89083039898613
8.29999999999999,0.89309319072834
8.39999999999999,0.895319125630369
8.49999999999999,0.89750835809672
8.59999999999999,0.899661056156039
8.69999999999999,0.901777401238537
8.79999999999998,0.903857587941162
8.89999999999998,0.905901823780757
8.99999999999998,0.907910328935453
9.09999999999998,0.909883335974593
9.19999999999998,0.911821089577451
9.29999999999998,0.913723846241093
9.39999999999998,0.915591873977687
9.49999999999998,0.917425452001647
9.59999999999998,0.919224870406953
9.69999999999998,0.920990429835065
9.79999999999998,0.922722441133833
9.89999999999998,0.924421225007828
9.99999999999998,0.926087111660547
10.1,0.92772044042896
10.2,0.929321559410862
10.3,0.930890825085544
10.4,0.932428601928287
10.5,0.933935262019196
10.6,0.935411184646923
10.7,0.936856755907828
10.8,0.938272368301126
10.9,0.939658420320614
11,0.941015316043545
11.1,0.94234346471724
11.2,0.943643280344046
11.3,0.944915181265236
11.4,0.946159589744459
11.5,0.947376931551362
11.6,0.948567635545992
11.7,0.949732133264599
11.8,0.950870858507459
11.9,0.951984246929327
12,0.953072735633147
12.1,0.954136762767606
12.2,0.955176767129167
12.3,0.956193187769149
12.4,0.95718646360646
12.5,0.958157033046566
12.6,0.959105333607247
12.7,0.960031801551714
12.8,0.960936871529618
12.9,0.961820976226484
13,0.962684546022078
13.1,0.963528008658194
13.2,0.964351788916344
13.3,0.965156308305786
13.4,0.965941984762339
13.5,0.966709232358376
13.6,0.967458461024375
13.7,0.968190076282398
13.8,0.968904478991809
13.9,0.969602065107541
14,0.970283225451186
14.1,0.970948345495131
14.2,0.971597805159981
14.3,0.972231978625414
14.4,0.972851234154646
14.5,0.973455933932594
14.6,0.974046433917838
14.7,0.974623083708416
14.8,0.975186226421472
14.9,0.975736198586736
15,0.976273330053774
15.1,0.97679794391293
15.2,0.977310356429829
15.3,0.977810876993286
15.4,0.978299808076434
15.5,0.978777445210841
15.6,0.979244076973373
15.7,0.979699984985505
15.8,0.980145443924766
15.9,0.980580721547983
16,0.981006078725931
16.1,0.981421769489004
16.2,0.981828041083471
16.3,0.982225134037867
16.4,0.982613282239052
16.5,0.982992713017433
16.6,0.983363647240841
16.7,0.983726299416535
16.8,0.984080877800785
16.9,0.984427584515469
17,0.984766615671123
17.1,0.985098161495868
17.2,0.985422406469612
17.3,0.985739529462963
17.4,0.986049703880239
17.5,0.986353097806002
17.6,0.986649874154522
17.7,0.986940190821585
17.8,0.987224200838087
17.9,0.987502052524832
18,0.987773889647991
18.1,0.988039851574697
18.2,0.988300073428229
18.3,0.98855468624232
18.4,0.988803817114076
18.5,0.989047589355072
18.6,0.989286122640185
18.7,0.989519533153763
18.8,0.989747933732742
18.9,0.989971434006376
19,0.990190140532254
19.1,0.990404156928319
19.2,0.990613584000636
19.3,0.990818519866684
19.4,0.991019060073989
19.5,0.991215297713929
19.6,0.991407323530615
19.7,0.99159522602472
19.8,0.991779091552239
19.9,0.991959004418126
20,0.992135046964824
20.1,0.992307299655725
20.2,0.992475841153619
20.3,0.99264074839422
20.4,0.992802096654888
20.5,0.992959959618686
20.6,0.993114409433923
20.7,0.993265516769366
20.8,0.993413350865318
20.9,0.993557979580758
21,0.993699469436779
21.1,0.993837885656536
21.2,0.99397329220195
21.3,0.994105751807401
21.4,0.99423532601066
21.5,0.99436207518128
21.6,0.994486058546705
21.7,0.994607334216314
21.8,0.994725959203624
21.9,0.994841989446873
22,0.994955479828181
22.1,0.99506648419148
22.2,0.995175055359393
22.3,0.995281245149225
22.4,0.995385104388212
22.5,0.995486682928163
22.6000000000001,0.995586029659611
22.7000000000001,0.995683192525582
22.8000000000001,0.995778218535056
22.9000000000001,0.995871153776214
23.0000000000001,0.995962043429507
23.1000000000001,0.996050931780623
23.2000000000001,0.996137862233368
23.3000000000001,0.996222877322499
23.4000000000001,0.996306018726532
23.5000000000001,0.996387327280528
23.6000000000001,0.996466842988875
23.7000000000001,0.996544605038063
23.8000000000001,0.996620651809456
23.9000000000001,0.996695020892051
24.0000000000001,0.996767749095223
24.1000000000001,0.996838872461457
24.2000000000001,0.996908426279045
24.3000000000001,0.996976445094753
24.4000000000001,0.997042962726444
24.5000000000001,0.997108012275659
24.6000000000001,0.997171626140127
24.7000000000001,0.997233836026229
24.8000000000001,0.997294672961375
24.9000000000001,0.997354167306312
25.0000000000001,0.997412348767348
25.1000000000001,0.997469246408482
25.2000000000001,0.997524888663438
25.3000000000001,0.997579303347598
25.4000000000001,0.99763251766983
25.5000000000001,0.997684558244197
25.6000000000001,0.997735451101554
25.7000000000001,0.997785221701026
25.8000000000001,0.997833894941347
25.9000000000001,0.997881495172085
26.0000000000001,0.997928046204723
26.1000000000001,0.997973571323603
26.2000000000001,0.998018093296738
26.3000000000001,0.99806163438647
26.4000000000001,0.99810421635999
26.5000000000001,0.998145860499707
26.6000000000001,0.998186587613464
26.7000000000001,0.998226418044608
26.8000000000001,0.998265371681897
26.9000000000001,0.998303467969265
27.0000000000001,0.998340725915414
27.1000000000001,0.998377164103261
27.2000000000001,0.998412800699221
27.3000000000001,0.998447653462332
27.4000000000001,0.998481739753221
27.5000000000001,0.998515076542908
27.6000000000001,0.998547680421454
27.7000000000001,0.998579567606449
27.8000000000001,0.998610753951333
27.9000000000001,0.99864125495357
28.0000000000001,0.998671085762657
28.1000000000001,0.998700261187975
28.2000000000001,0.998728795706486
28.3000000000001,0.998756703470274
28.4000000000001,0.99878399831393
28.5000000000001,0.998810693761786
28.6000000000001,0.998836803034997
28.7000000000001,0.998862339058473
28.8000000000001,0.998887314467657
28.9000000000001,0.99891174161517
29.0000000000001,0.998935632577293
29.1000000000001,0.99895899916032
29.2000000000001,0.998981852906763
29.3000000000001,0.999004205101418
29.4000000000001,0.999026066777299
29.5000000000001,0.999047448721428
29.6000000000002,0.999068361480501
29.7000000000002,0.999088815366417
29.8000000000002,0.999108820461681
29.9000000000002,0.999128386624683
30.0000000000002,0.999147523494847
30.1000000000002,0.999166240497668
30.2000000000002,0.999184546849617
30.3000000000002,0.999202451562943
30.4000000000002,0.999219963450349
30.5000000000002,0.999237091129564
30.6000000000002,0.9992538430278
30.7000000000002,0.999270227386106
30.8000000000002,0.999286252263613
30.9000000000002,0.999301925541678
31.0000000000002,0.99931725492793
31.1000000000002,0.999332247960215
31.2000000000002,0.999346912010446
31.3000000000002,0.999361254288359
31.4000000000002,0.999375281845184
31.5000000000002,0.999389001577216
31.6000000000002,0.99940242022931
31.7000000000002,0.999415544398283
31.8000000000002,0.999428380536243
31.9000000000002,0.999440934953827
32.0000000000002,0.999453213823372
32.1000000000002,0.999465223181999
32.2000000000002,0.99947696893463
32.3000000000002,0.999488456856931
32.4000000000002,0.999499692598186
32.5000000000002,0.999510681684099
32.6000000000002,0.999521429519531
32.7000000000002,0.999531941391174
32.8000000000002,0.99954222247016
32.9000000000002,0.999552277814612
33.0000000000002,0.999562112372125
33.1000000000002,0.999571730982205
33.2000000000002,0.999581138378637
33.3000000000002,0.999590339191807
33.4000000000002,0.999599337950963
33.5000000000002,0.999608139086431
33.6000000000002,0.999616746931778
33.7000000000002,0.999625165725922
33.8000000000002,0.9996333996152
33.9000000000002,0.999641452655381
34.0000000000002,0.999649328813645
34.1000000000002,0.999657031970504
34.2000000000002,0.999664565921693
34.3000000000002,0.999671934380008
34.4000000000002,0.999679140977113
34.5000000000002,0.999686189265294
34.6000000000002,0.999693082719191
34.7000000000002,0.999699824737474
34.8000000000002,0.999706418644499
34.9000000000002,0.999712867691913
35.0000000000002,0.999719175060234
35.1000000000002,0.999725343860396
35.2000000000002,0.999731377135251
35.3000000000002,0.999737277861049
35.4000000000002,0.999743048948886
35.5000000000002,0.999748693246107
35.6000000000002,0.9997542135377
35.7000000000002,0.999759612547641
35.8000000000002,0.999764892940219
35.9000000000002,0.999770057321337
36.0000000000002,0.999775108239771
36.1000000000002,0.999780048188418
36.2000000000002,0.999784879605508
36.3000000000002,0.999789604875789
36.4000000000002,0.999794226331694
36.5000000000002,0.999798746254478
36.6000000000003,0.999803166875329
36.7000000000003,0.999807490376464
36.8000000000003,0.99981171889219
36.9000000000003,0.99981585450995
37.0000000000003,0.999819899271346
37.1000000000003,0.999823855173137
37.2000000000003,0.999827724168221
37.3000000000003,0.999831508166589
37.4000000000003,0.999835209036265
37.5000000000003,0.999838828604221
37.6000000000003,0.999842368657278
37.7000000000003,0.99984583094298
37.8000000000003,0.999849217170459
37.9000000000003,0.999852529011271
38.0000000000003,0.999855768100223
38.1000000000003,0.999858936036176
38.2000000000003,0.999862034382835
38.3000000000003,0.999865064669519
38.4000000000003,0.999868028391914
38.5000000000003,0.999870927012817
38.6000000000003,0.999873761962852
38.7000000000003,0.999876534641177
38.8000000000003,0.999879246416181
38.9000000000003,0.999881898626155
39.0000000000003,0.999884492579955
39.1000000000003,0.999887029557651
39.2000000000003,0.999889510811157
39.3000000000003,0.999891937564855
39.4000000000003,0.999894311016197
39.5000000000003,0.999896632336297
39.6000000000003,0.999898902670516
39.7000000000003,0.999901123139024
39.8000000000003,0.999903294837358
39.9000000000003,0.999905418836959
40.0000000000003,0.999907496185713
40.1000000000003,0.999909527908457
40.2000000000003,0.999911515007498
40.3000000000003,0.999913458463102
40.4000000000003,0.999915359233982
40.5000000000003,0.999917218257776
40.6000000000003,0.999919036451504
40.7000000000003,0.99992081471203
40.8000000000003,0.9999225539165
40.9000000000003,0.99992425492278
41.0000000000003,0.99992591856988
41.1000000000003,0.999927545678369
41.2000000000003,0.99992913705078
41.3000000000003,0.99993069347201
41.4000000000003,0.999932215709705
41.5000000000003,0.999933704514646
41.6000000000003,0.999935160621111
41.7000000000003,0.999936584747247
41.8000000000003,0.999937977595421
41.9000000000003,0.999939339852569
42.0000000000003,0.999940672190533
42.1000000000003,0.999941975266397
42.2000000000003,0.99994324972281
42.3000000000003,0.999944496188302
42.4000000000003,0.999945715277598
42.5000000000003,0.99994690759192
42.6000000000003,0.999948073719282
42.7000000000003,0.999949214234787
42.8000000000003,0.999950329700902
42.9000000000003,0.999951420667744
43.0000000000003,0.999952487673346
43.1000000000003,0.999953531243926
43.2000000000003,0.999954551894146
43.3000000000003,0.999955550127365
43.4000000000003,0.999956526435887
43.5000000000003,0.999957481301207
43.6000000000003,0.999958415194247
43.7000000000004,0.999959328575585
43.8000000000004,0.999960221895689
43.9000000000004,0.999961095595133
44.0000000000004,0.999961950104817
44.1000000000004,0.99996278584618
44.2000000000004,0.999963603231407
44.3000000000004,0.999964402663632
44.4000000000004,0.999965184537138
44.5000000000004,0.999965949237549
44.6000000000004,0.999966697142023
44.7000000000004,0.999967428619435
44.8000000000004,0.999968144030563
44.9000000000004,0.999968843728262
45.0000000000004,0.999969528057637
45.1000000000004,0.999970197356219
45.2000000000004,0.999970851954125
45.3000000000004,0.999971492174225
45.4000000000004,0.999972118332298
45.5000000000004,0.99997273073719
45.6000000000004,0.999973329690965
45.7000000000004,0.999973915489054
45.8000000000004,0.999974488420401
45.9000000000004,0.999975048767605
46.0000000000004,0.99997559680706
46.1000000000004,0.999976132809089
46.2000000000004,0.999976657038081
46.3000000000004,0.999977169752618
46.4000000000004,0.999977671205603
46.5000000000004,0.999978161644385
46.6000000000004,0.999978641310884
46.7000000000004,0.999979110441703
46.8000000000004,0.999979569268252
46.9000000000004,0.999980018016859
47.0000000000004,0.999980456908879
47.1000000000004,0.999980886160808
47.2000000000004,0.999981305984387
47.3000000000004,0.999981716586705
47.4000000000004,0.999982118170306
47.5000000000004,0.999982510933282
47.6000000000004,0.999982895069377
47.7000000000004,0.999983270768079
47.8000000000004,0.999983638214714
47.9000000000004,0.999983997590537
48.0000000000004,0.999984349072824
48.1000000000004,0.999984692834955
48.2000000000004,0.999985029046503
48.3000000000004,0.999985357873316
48.4000000000004,0.999985679477601
48.5000000000004,0.999985994017999
48.6000000000004,0.99998630164967
48.7000000000004,0.999986602524363
48.8000000000004,0.999986896790495
48.9000000000004,0.999987184593224
49.0000000000004,0.999987466074518
49.1000000000004,0.999987741373228
49.2000000000004,0.999988010625154
49.3000000000004,0.999988273963113
49.4000000000004,0.999988531517005
49.5000000000004,0.999988783413877
49.6000000000004,0.999989029777986
49.7000000000004,0.999989270730857
49.8000000000004,0.999989506391348
49.9000000000004,0.999989736875705
50.0000000000004,0.999989962297622
50.1000000000004,0.999990182768294
50.2000000000004,0.999990398396474
50.3000000000004,0.999990609288527
50.4000000000004,0.999990815548479
50.5000000000004,0.999991017278075
50.6000000000004,0.999991214576822
50.7000000000005,0.999991407542041
50.8000000000005,0.999991596268919
50.9000000000005,0.999991780850547
51.0000000000005,0.999991961377975
51.1000000000005,0.999992137940252
51.2000000000005,0.99999231062447
51.3000000000005,0.999992479515809
51.4000000000005,0.999992644697578
51.5000000000005,0.999992806251255
51.6000000000005,0.999992964256529
51.7000000000005,0.99999311879134
51.8000000000005,0.999993269931913
51.9000000000005,0.999993417752801
52.0000000000005,0.999993562326918
52.1000000000005,0.999993703725579
52.2000000000005,0.999993842018529
52.3000000000005,0.999993977273983
52.4000000000005,0.999994109558659
52.5000000000005,0.999994238937805
52.6000000000005,0.999994365475241
52.7000000000005,0.999994489233383
52.8000000000005,0.999994610273275
52.9000000000005,0.999994728654621
53.0000000000005,0.999994844435815
53.1000000000005,0.999994957673966
53.2000000000005,0.999995068424931
53.3000000000005,0.999995176743338
53.4000000000005,0.999995282682617
53.5000000000005,0.999995386295023
53.6000000000005,0.999995487631663
53.7000000000005,0.999995586742523
53.8000000000005,0.999995683676491
53.9000000000005,0.999995778481379
54.0000000000005,0.999995871203952
54.1000000000005,0.999995961889944
54.2000000000005,0.999996050584089
54.3000000000005,0.999996137330135
54.4000000000005,0.99999622217087
54.5000000000005,0.999996305148144
54.6000000000005,0.999996386302884
54.7000000000005,0.999996465675122
54.8000000000005,0.999996543304009
54.9000000000005,0.999996619227836
55.0000000000005,0.999996693484052
55.1000000000005,0.999996766109287
55.2000000000005,0.999996837139361
55.3000000000005,0.999996906609313
55.4000000000005,0.999996974553409
55.5000000000005,0.999997041005163
55.6000000000005,0.999997105997352
55.7000000000005,0.999997169562035
55.8000000000005,0.999997231730567
55.9000000000005,0.999997292533612
56.0000000000005,0.999997352001161
56.1000000000005,0.999997410162549
56.2000000000005,0.999997467046464
56.3000000000005,0.999997522680965
56.4000000000005,0.999997577093493
56.5000000000005,0.999997630310889
56.6000000000005,0.999997682359403
56.7000000000005,0.999997733264708
56.8000000000005,0.999997783051914
56.9000000000005,0.99999783174558
57.0000000000005,0.999997879369723
57.1000000000005,0.999997925947836
57.2000000000005,0.999997971502893
57.3000000000005,0.999998016057365
57.4000000000005,0.99999805963323
57.5000000000005,0.999998102251981
57.6000000000005,0.999998143934642
57.7000000000005,0.999998184701771
57.8000000000006,0.99999822457348
57.9000000000006,0.999998263569434
58.0000000000006,0.999998301708869
58.1000000000006,0.999998339010598
58.2000000000006,0.999998375493021
58.3000000000006,0.999998411174132
58.4000000000006,0.999998446071533
58.5000000000006,0.999998480202437
58.6000000000006,0.99999851358368
58.7000000000006,0.999998546231726
58.8000000000006,0.999998578162681
58.9000000000006,0.999998609392295
59.0000000000006,0.999998639935972
59.1000000000006,0.999998669808779
59.2000000000006,0.999998699025451
59.3000000000006,0.999998727600398
59.4000000000006,0.999998755547717
59.5000000000006,0.999998782881193
59.6000000000006,0.999998809614308
59.7000000000006,0.99999883576025
59.8000000000006,0.999998861331913
59.9000000000006,0.999998886341913
60.0000000000006,0.999998910802587
60.1000000000006,0.999998934725998
60.2000000000006,0.999998958123949
60.3000000000006,0.99999898100798
60.4000000000006,0.99999900338938
60.5000000000006,0.999999025279188
60.6000000000006,0.999999046688202
60.7000000000006,0.999999067626982
60.8000000000006,0.999999088105857
60.9000000000006,0.999999108134928
61.0000000000006,0.999999127724074
61.1000000000006,0.999999146882959
61.2000000000006,0.999999165621032
61.3000000000006,0.999999183947537
61.4000000000006,0.999999201871514
61.5000000000006,0.999999219401803
61.6000000000006,0.999999236547051
61.7000000000006,0.999999253315717
61.8000000000006,0.999999269716071
61.9000000000006,0.999999285756203
62.0000000000006,0.999999301444024
62.1000000000006,0.999999316787274
62.2000000000006,0.999999331793521
62.3000000000006,0.999999346470166
62.4000000000006,0.999999360824449
62.5000000000006,0.99999937486345
62.6000000000006,0.999999388594095
62.7000000000006,0.999999402023157
62.8000000000006,0.999999415157258
62.9000000000006,0.999999428002878
63.0000000000006,0.999999440566354
63.1000000000006,0.999999452853882
63.2000000000006,0.999999464871523
63.3000000000006,0.999999476625205
63.4000000000006,0.999999488120726
63.5000000000006,0.999999499363757
63.6000000000006,0.999999510359842
63.7000000000006,0.999999521114406
63.8000000000006,0.999999531632754
63.9000000000006,0.999999541920074
64.0000000000006,0.99999955198144
64.1000000000006,0.999999561821815
64.2000000000006,0.999999571446054
64.3000000000006,0.999999580858904
64.4000000000006,0.999999590065007
64.5000000000006,0.999999599068904
64.6000000000006,0.999999607875038
64.7000000000006,0.999999616487751
64.8000000000006,0.999999624911292
64.9000000000006,0.999999633149816
65.0000000000006,0.999999641207386
65.1000000000006,0.999999649087978
65.2000000000006,0.999999656795479
65.3000000000006,0.999999664333689
65.4000000000006,0.999999671706329
65.5000000000006,0.999999678917033
65.6000000000005,0.99999968596936
65.7000000000005,0.999999692866787
65.8000000000005,0.999999699612717
65.9000000000005,0.999999706210478
66.0000000000005,0.999999712663324
66.1000000000005,0.999999718974437
66.2000000000005,0.999999725146932
66.3000000000005,0.999999731183852
66.4000000000005,0.999999737088175
66.5000000000005,0.999999742862815
66.6000000000005,0.999999748510618
66.7000000000005,0.999999754034371
66.8000000000005,0.9999997594368
66.9000000000005,0.999999764720567
67.0000000000005,0.999999769888281
67.1000000000005,0.999999774942489
67.2000000000005,0.999999779885685
67.3000000000005,0.999999784720308
67.4000000000004,0.999999789448742
67.5000000000004,0.999999794073318
67.6000000000004,0.99999979859632
67.7000000000004,0.999999803019977
67.8000000000004,0.999999807346471
67.9000000000004,0.999999811577937
68.0000000000004,0.999999815716462
68.1000000000004,0.999999819764087
68.2000000000004,0.999999823722809
68.3000000000004,0.999999827594581
68.4000000000004,0.999999831381312
68.5000000000004,0.999999835084869
68.6000000000004,0.999999838707081
68.7000000000004,0.999999842249734
68.8000000000004,0.999999845714575
68.9000000000004,0.999999849103313
69.0000000000004,0.99999985241762
69.1000000000003,0.99999985565913
69.2000000000003,0.999999858829443
69.3000000000003,0.999999861930123
69.4000000000003,0.999999864962698
69.5000000000003,0.999999867928665
69.6000000000003,0.999999870829486
69.7000000000003,0.999999873666593
69.8000000000003,0.999999876441385
69.9000000000003,0.999999879155231
70.0000000000003,0.999999881809469
70.1000000000003,0.999999884405408
70.2000000000003,0.99999988694433
70.3000000000003,0.999999889427486
70.4000000000003,0.999999891856101
70.5000000000003,0.999999894231373
70.6000000000003,0.999999896554475
70.7000000000003,0.999999898826551
70.8000000000003,0.999999901048722
70.9000000000002,0.999999903222085
71.0000000000002,0.999999905347712
71.1000000000002,0.999999907426651
71.2000000000002,0.999999909459927
71.3000000000002,0.999999911448544
71.4000000000002,0.999999913393482
71.5000000000002,0.999999915295702
71.6000000000002,0.99999991715614
71.7000000000002,0.999999918975715
71.8000000000002,0.999999920755325
71.9000000000002,0.999999922495846
72.0000000000002,0.999999924198139
72.1000000000002,0.999999925863041
72.2000000000002,0.999999927491376
72.3000000000002,0.999999929083945
72.4000000000002,0.999999930641534
72.5000000000002,0.999999932164912
72.6000000000002,0.99999993365483
72.7000000000001,0.999999935112024
72.8000000000001,0.999999936537211
72.9000000000001,0.999999937931094
73.0000000000001,0.999999939294363
73.1000000000001,0.999999940627688
73.2000000000001,0.999999941931727
73.3000000000001,0.999999943207124
73.4000000000001,0.999999944454508
73.5000000000001,0.999999945674494
73.6000000000001,0.999999946867684
73.7000000000001,0.999999948034666
73.8000000000001,0.999999949176017
73.9000000000001,0.999999950292298
74.0000000000001,0.999999951384061
74.1000000000001,0.999999952451844
74.2000000000001,0.999999953496175
74.3000000000001,0.999999954517567
74.4,0.999999955516525
74.5,0.999999956493542
74.6,0.999999957449099
74.7,0.999999958383668
74.8,0.99999995929771
74.9,0.999999960191676
75,0.999999961066006
75.1,0.999999961921133
75.2,0.999999962757477
75.3,0.999999963575451
75.4,0.999999964375459
75.5,0.999999965157896
75.6,0.999999965923147
75.7,0.999999966671589
75.8,0.999999967403593
75.9,0.999999968119519
76,0.99999996881972
76.1,0.999999969504542
76.1999999999999,0.999999970174322
76.2999999999999,0.99999997082939
76.3999999999999,0.999999971470071
76.4999999999999,0.999999972096679
76.5999999999999,0.999999972709525
76.6999999999999,0.99999997330891
76.7999999999999,0.99999997389513
76.8999999999999,0.999999974468473
76.9999999999999,0.999999975029224
77.0999999999999,0.999999975577658
77.1999999999999,0.999999976114046
77.2999999999999,0.999999976638653
77.3999999999999,0.999999977151738
77.4999999999999,0.999999977653552
77.5999999999999,0.999999978144345
77.6999999999999,0.999999978624358
77.7999999999999,0.999999979093828
77.8999999999998,0.999999979552986
77.9999999999998,0.999999980002059
78.0999999999998,0.999999980441268
78.1999999999998,0.999999980870831
78.2999999999998,0.999999981290959
78.3999999999998,0.999999981701858
78.4999999999998,0.999999982103733
78.5999999999998,0.999999982496781
78.6999999999998,0.999999982881195
78.7999999999998,0.999999983257167
78.8999999999998,0.99999998362488
78.9999999999998,0.999999983984517
79.0999999999998,0.999999984336255
79.1999999999998,0.999999984680267
79.2999999999998,0.999999985016722
79.3999999999998,0.999999985345788
79.4999999999998,0.999999985667627
79.5999999999998,0.999999985982396
79.6999999999997,0.999999986290252
79.7999999999997,0.999999986591345
79.8999999999997,0.999999986885826
79.9999999999997,0.999999987173839
80.0999999999997,0.999999987455525
80.1999999999997,0.999999987731025
80.2999999999997,0.999999988000473
80.3999999999997,0.999999988264003
80.4999999999997,0.999999988521745
80.5999999999997,0.999999988773826
80.6999999999997,0.999999989020369
80.7999999999997,0.999999989261498
80.8999999999997,0.999999989497331
80.9999999999997,0.999999989727983
81.0999999999997,0.99999998995357
81.1999999999997,0.999999990174202
81.2999999999997,0.999999990389987
81.3999999999997,0.999999990601033
81.4999999999996,0.999999990807444
81.5999999999996,0.999999991009321
81.6999999999996,0.999999991206764
81.7999999999996,0.99999999139987
81.8999999999996,0.999999991588735
81.9999999999996,0.999999991773451
82.0999999999996,0.99999999195411
82.1999999999996,0.999999992130801
82.2999999999996,0.999999992303612
82.3999999999996,0.999999992472626
82.4999999999996,0.999999992637929
82.5999999999996,0.999999992799601
82.6999999999996,0.999999992957721
82.7999999999996,0.999999993112369
82.8999999999996,0.99999999326362
82.9999999999996,0.999999993411549
83.0999999999996,0.999999993556228
83.1999999999995,0.99999999369773
83.2999999999995,0.999999993836124
83.3999999999995,0.999999993971478
83.4999999999995,0.999999994103859
83.5999999999995,0.999999994233333
83.6999999999995,0.999999994359962
83.7999999999995,0.999999994483811
83.8999999999995,0.999999994604939
83.9999999999995,0.999999994723407
84.0999999999995,0.999999994839272
84.1999999999995,0.999999994952593
84.2999999999995,0.999999995063425
84.3999999999995,0.999999995171822
84.4999999999995,0.999999995277839
84.5999999999995,0.999999995381527
84.6999999999995,0.999999995482937
84.7999999999995,0.99999999558212
84.8999999999995,0.999999995679125
84.9999999999994,0.999999995773999
85.0999999999994,0.999999995866789
85.1999999999994,0.999999995957541
85.2999999999994,0.9999999960463
85.3999999999994,0.999999996133109
85.4999999999994,0.999999996218011
85.5999999999994,0.999999996301049
85.6999999999994,0.999999996382263
85.7999999999994,0.999999996461693
85.8999999999994,0.999999996539378
85.9999999999994,0.999999996615358
86.0999999999994,0.999999996689668
86.1999999999994,0.999999996762346
86.2999999999994,0.999999996833428
86.3999999999994,0.999999996902948
86.4999999999994,0.999999996970942
86.5999999999994,0.999999997037442
86.6999999999993,0.999999997102481
86.7999999999993,0.999999997166092
86.8999999999993,0.999999997228306
86.9999999999993,0.999999997289154
87.0999999999993,0.999999997348664
87.1999999999993,0.999999997406868
87.2999999999993,0.999999997463794
87.3999999999993,0.999999997519469
87.4999999999993,0.999999997573921
87.5999999999993,0.999999997627177
87.6999999999993,0.999999997679263
87.7999999999993,0.999999997730205
87.8999999999993,0.999999997780029
87.9999999999993,0.999999997828758
88.0999999999993,0.999999997876417
88.1999999999993,0.999999997923029
88.2999999999993,0.999999997968617
88.3999999999993,0.999999998013204
88.4999999999992,0.999999998056812
88.5999999999992,0.999999998099461
88.6999999999992,0.999999998141174
88.7999999999992,0.999999998181971
88.8999999999992,0.999999998221872
88.9999999999992,0.999999998260896
89.0999999999992,0.999999998299063
89.1999999999992,0.999999998336392
89.2999999999992,0.999999998372901
89.3999999999992,0.999999998408608
89.4999999999992,0.999999998443531
89.5999999999992,0.999999998477687
89.6999999999992,0.999999998511093
89.7999999999992,0.999999998543765
89.8999999999992,0.999999998575719
89.9999999999992,0.999999998606971
90.0999999999992,0.999999998637537
90.1999999999992,0.999999998667432
90.2999999999991,0.999999998696669
90.3999999999991,0.999999998725265
90.4999999999991,0.999999998753233
90.5999999999991,0.999999998780586
90.6999999999991,0.999999998807339
90.7999999999991,0.999999998833504
90.8999999999991,0.999999998859094
90.9999999999991,0.999999998884122
91.0999999999991,0.999999998908601
91.1999999999991,0.999999998932542
91.2999999999991,0.999999998955956
91.3999999999991,0.999999998978857
91.4999999999991,0.999999999001255
91.5999999999991,0.999999999023161
91.6999999999991,0.999999999044585
91.7999999999991,0.999999999065539
91.8999999999991,0.999999999086033
91.999999999999,0.999999999106077
92.099999999999,0.99999999912568
92.199999999999,0.999999999144853
92.299999999999,0.999999999163605
92.399999999999,0.999999999181945
92.499999999999,0.999999999199882
92.599999999999,0.999999999217425
92.699999999999,0.999999999234582
92.799999999999,0.999999999251363
92.899999999999,0.999999999267776
92.999999999999,0.999999999283828
93.099999999999,0.999999999299527
93.199999999999,0.999999999314881
93.299999999999,0.999999999329898
93.399999999999,0.999999999344586
93.499999999999,0.999999999358951
93.599999999999,0.999999999373
93.699999999999,0.99999999938674
93.7999999999989,0.999999999400179
93.8999999999989,0.999999999413323
93.9999999999989,0.999999999426178
94.0999999999989,0.99999999943875
94.1999999999989,0.999999999451047
94.2999999999989,0.999999999463073
94.3999999999989,0.999999999474836
94.4999999999989,0.999999999486339
94.5999999999989,0.999999999497591
94.6999999999989,0.999999999508595
94.7999999999989,0.999999999519357
94.8999999999989,0.999999999529883
94.9999999999989,0.999999999540178
95.0999999999989,0.999999999550247
95.1999999999989,0.999999999560094
95.2999999999989,0.999999999569726
95.3999999999989,0.999999999579145
95.4999999999988,0.999999999588358
95.5999999999988,0.999999999597369
95.6999999999988,0.999999999606181
95.7999999999988,0.9999999996148
95.8999999999988,0.99999999962323
95.9999999999988,0.999999999631474
96.0999999999988,0.999999999639538
96.1999999999988,0.999999999647424
96.2999999999988,0.999999999655137
96.3999999999988,0.999999999662681
96.4999999999988,0.999999999670059
96.5999999999988,0.999999999677275
96.6999999999988,0.999999999684333
96.7999999999988,0.999999999691235
96.8999999999988,0.999999999697986
96.9999999999988,0.999999999704588
97.0999999999988,0.999999999711046
97.1999999999988,0.999999999717362
97.2999999999987,0.999999999723539
97.3999999999987,0.99999999972958
97.4999999999987,0.999999999735488
97.5999999999987,0.999999999741267
97.6999999999987,0.999999999746919
97.7999999999987,0.999999999752447
97.8999999999987,0.999999999757853
97.9999999999987,0.999999999763141
98.0999999999987,0.999999999768312
98.1999999999987,0.99999999977337
98.2999999999987,0.999999999778317
98.3999999999987,0.999999999783155
98.4999999999987,0.999999999787887
98.5999999999987,0.999999999792515
98.6999999999987,0.999999999797041
98.7999999999987,0.999999999801468
98.8999999999987,0.999999999805798
98.9999999999986,0.999999999810033
99.0999999999986,0.999999999814174
99.1999999999986,0.999999999818225
99.2999999999986,0.999999999822186
99.3999999999986,0.999999999826061
99.4999999999986,0.99999999982985
99.5999999999986,0.999999999833556
99.6999999999986,0.999999999837181
99.7999999999986,0.999999999840727
99.8999999999986,0.999999999844194
99.9999999999986,0.999999999847585
100.099999999999,0.999999999850902
100.199999999999,0.999999999854146
100.299999999999,0.999999999857318
100.399999999999,0.999999999860421
100.499999999999,0.999999999863456
100.599999999999,0.999999999866424
100.699999999999,0.999999999869327
100.799999999999,0.999999999872166
100.899999999999,0.999999999874943
100.999999999999,0.999999999877659
101.099999999999,0.999999999880315
101.199999999999,0.999999999882913
101.299999999999,0.999999999885454
101.399999999999,0.999999999887939
101.499999999999,0.999999999890369
101.599999999999,0.999999999892746
101.699999999998,0.999999999895071
101.799999999998,0.999999999897345
101.899999999998,0.999999999899568
101.999999999998,0.999999999901743
102.099999999998,0.999999999903871
102.199999999998,0.999999999905951
102.299999999998,0.999999999907986
102.399999999998,0.999999999909976
102.499999999998,0.999999999911922
102.599999999998,0.999999999913826
102.699999999998,0.999999999915687
102.799999999998,0.999999999917508
102.899999999998,0.999999999919289
102.999999999998,0.999999999921031
103.099999999998,0.999999999922735
103.199999999998,0.999999999924401
103.299999999998,0.99999999992603
103.399999999998,0.999999999927624
103.499999999998,0.999999999929183
103.599999999998,0.999999999930707
103.699999999998,0.999999999932198
103.799999999998,0.999999999933657
103.899999999998,0.999999999935083
103.999999999998,0.999999999936478
104.099999999998,0.999999999937842
104.199999999998,0.999999999939176
104.299999999998,0.999999999940481
104.399999999998,0.999999999941758
104.499999999998,0.999999999943006
104.599999999998,0.999999999944227
104.699999999998,0.999999999945421
104.799999999998,0.999999999946589
104.899999999998,0.999999999947731
104.999999999998,0.999999999948848
105.099999999998,0.999999999949941
105.199999999998,0.999999999951009
105.299999999998,0.999999999952054
105.399999999998,0.999999999953076
105.499999999998,0.999999999954076
105.599999999998,0.999999999955054
105.699999999998,0.99999999995601
105.799999999998,0.999999999956945
105.899999999998,0.99999999995786
105.999999999998,0.999999999958755
106.099999999998,0.99999999995963
106.199999999998,0.999999999960485
106.299999999998,0.999999999961322
106.399999999998,0.999999999962141
106.499999999998,0.999999999962941
106.599999999998,0.999999999963724
106.699999999998,0.99999999996449
106.799999999998,0.999999999965239
106.899999999998,0.999999999965972
106.999999999998,0.999999999966688
107.099999999998,0.999999999967389
107.199999999998,0.999999999968074
107.299999999998,0.999999999968744
107.399999999998,0.9999999999694
107.499999999998,0.999999999970041
107.599999999998,0.999999999970668
107.699999999998,0.999999999971281
107.799999999998,0.999999999971881
107.899999999998,0.999999999972468
107.999999999998,0.999999999973042
108.099999999998,0.999999999973603
108.199999999998,0.999999999974152
108.299999999998,0.999999999974689
108.399999999998,0.999999999975214
108.499999999998,0.999999999975727
108.599999999998,0.999999999976229
108.699999999998,0.99999999997672
108.799999999998,0.999999999977201
108.899999999998,0.99999999997767
108.999999999998,0.99999999997813
109.099999999998,0.999999999978579
109.199999999998,0.999999999979019
109.299999999998,0.999999999979449
109.399999999998,0.999999999979869
109.499999999998,0.99999999998028
109.599999999998,0.999999999980683
109.699999999998,0.999999999981076
109.799999999998,0.999999999981461
109.899999999998,0.999999999981837
109.999999999998,0.999999999982205
110.099999999998,0.999999999982565
110.199999999998,0.999999999982917
110.299999999998,0.999999999983261
110.399999999998,0.999999999983598
110.499999999998,0.999999999983927
110.599999999998,0.999999999984249
110.699999999998,0.999999999984564
110.799999999998,0.999999999984872
110.899999999998,0.999999999985174
110.999999999998,0.999999999985468
111.099999999998,0.999999999985756
111.199999999998,0.999999999986038
111.299999999998,0.999999999986314
111.399999999998,0.999999999986584
111.499999999998,0.999999999986847
111.599999999998,0.999999999987105
111.699999999998,0.999999999987357
111.799999999998,0.999999999987604
111.899999999998,0.999999999987845
111.999999999998,0.999999999988081
112.099999999998,0.999999999988312
112.199999999998,0.999999999988538
112.299999999998,0.999999999988759
112.399999999998,0.999999999988975
112.499999999998,0.999999999989186
112.599999999998,0.999999999989393
112.699999999998,0.999999999989595
112.799999999998,0.999999999989792
112.899999999998,0.999999999989986
112.999999999998,0.999999999990175
113.099999999998,0.999999999990359
113.199999999998,0.99999999999054
113.299999999998,0.999999999990717
113.399999999998,0.99999999999089
113.499999999998,0.999999999991059
113.599999999998,0.999999999991224
113.699999999998,0.999999999991386
113.799999999998,0.999999999991544
113.899999999998,0.999999999991699
113.999999999998,0.999999999991851
114.099999999998,0.999999999991999
114.199999999998,0.999999999992144
114.299999999998,0.999999999992285
114.399999999998,0.999999999992424
114.499999999998,0.999999999992559
114.599999999998,0.999999999992692
114.699999999998,0.999999999992821
114.799999999998,0.999999999992948
114.899999999998,0.999999999993072
114.999999999998,0.999999999993193
115.099999999998,0.999999999993312
115.199999999998,0.999999999993427
115.299999999998,0.999999999993541
115.399999999998,0.999999999993652
115.499999999998,0.99999999999376
115.599999999998,0.999999999993866
115.699999999998,0.99999999999397
115.799999999998,0.999999999994071
115.899999999998,0.999999999994171
115.999999999998,0.999999999994268
116.099999999998,0.999999999994363
116.199999999998,0.999999999994456
116.299999999998,0.999999999994546
116.399999999998,0.999999999994635
116.499999999998,0.999999999994722
116.599999999998,0.999999999994807
116.699999999998,0.99999999999489
116.799999999998,0.999999999994972
116.899999999998,0.999999999995051
116.999999999998,0.999999999995129
117.099999999998,0.999999999995205
117.199999999998,0.999999999995279
117.299999999998,0.999999999995352
117.399999999998,0.999999999995423
117.499999999998,0.999999999995493
117.599999999998,0.999999999995561
117.699999999998,0.999999999995627
117.799999999998,0.999999999995692
117.899999999998,0.999999999995756
117.999999999998,0.999999999995818
118.099999999998,0.999999999995879
118.199999999998,0.999999999995939
118.299999999998,0.999999999995997
118.399999999998,0.999999999996054
118.499999999998,0.99999999999611
118.599999999998,0.999999999996164
118.699999999998,0.999999999996217
118.799999999998,0.999999999996269
118.899999999998,0.99999999999632
118.999999999998,0.99999999999637
119.099999999998,0.999999999996419
119.199999999998,0.999999999996467
119.299999999997,0.999999999996513
119.399999999997,0.999999999996559
119.499999999997,0.999999999996604
119.599999999997,0.999999999996647
119.699999999997,0.99999999999669
119.799999999997,0.999999999996732
119.899999999997,0.999999999996773
119.999999999997,0.999999999996813
120.099999999997,0.999999999996852
120.199999999997,0.99999999999689
120.299999999997,0.999999999996927
120.399999999997,0.999999999996964
120.499999999997,0.999999999996999
120.599999999997,0.999999999997034
120.699999999997,0.999999999997068
120.799999999997,0.999999999997102
120.899999999997,0.999999999997135
120.999999999997,0.999999999997166
121.099999999997,0.999999999997198
121.199999999997,0.999999999997228
121.299999999997,0.999999999997258
121.399999999997,0.999999999997288
121.499999999997,0.999999999997316
121.599999999997,0.999999999997344
121.699999999997,0.999999999997372
121.799999999997,0.999999999997399
121.899999999997,0.999999999997425
121.999999999997,0.99999999999745
122.099999999997,0.999999999997475
122.199999999997,0.9999999999975
122.299999999997,0.999999999997524
122.399999999997,0.999999999997547
122.499999999997,0.99999999999757
122.599999999997,0.999999999997593
122.699999999997,0.999999999997615
122.799999999997,0.999999999997636
122.899999999997,0.999999999997657
122.999999999997,0.999999999997678
123.099999999997,0.999999999997698
123.199999999997,0.999999999997717
123.299999999997,0.999999999997736
123.399999999997,0.999999999997755
123.499999999997,0.999999999997774
123.599999999997,0.999999999997792
123.699999999997,0.999999999997809
123.799999999997,0.999999999997826
123.899999999997,0.999999999997843
123.999999999997,0.999999999997859
124.099999999997,0.999999999997876
124.199999999997,0.999999999997891
124.299999999997,0.999999999997907
124.399999999997,0.999999999997922
124.499999999997,0.999999999997936
124.599999999997,0.999999999997951
124.699999999997,0.999999999997965
124.799999999997,0.999999999997979
124.899999999997,0.999999999997992
124.999999999997,0.999999999998005
125.099999999997,0.999999999998018
125.199999999997,0.99999999999803
125.299999999997,0.999999999998043
125.399999999997,0.999999999998055
125.499999999997,0.999999999998067
125.599999999997,0.999999999998078
125.699999999997,0.999999999998089
125.799999999997,0.9999999999981
125.899999999997,0.999999999998111
125.999999999997,0.999999999998122
126.099999999997,0.999999999998132
126.199999999997,0.999999999998142
126.299999999997,0.999999999998152
126.399999999997,0.999999999998162
126.499999999997,0.999999999998171
126.599999999997,0.99999999999818
126.699999999997,0.999999999998189
126.799999999997,0.999999999998198
126.899999999997,0.999999999998207
126.999999999997,0.999999999998215
127.099999999997,0.999999999998224
127.199999999997,0.999999999998232
127.299999999997,0.99999999999824
127.399999999997,0.999999999998247
127.499999999997,0.999999999998255
127.599999999997,0.999999999998262
127.699999999997,0.999999999998269
127.799999999997,0.999999999998276
127.899999999997,0.999999999998283
127.999999999997,0.99999999999829
128.099999999997,0.999999999998296
128.199999999997,0.999999999998303
128.299999999997,0.999999999998309
128.399999999997,0.999999999998315
128.499999999997,0.999999999998321
128.599999999997,0.999999999998327
128.699999999997,0.999999999998333
128.799999999997,0.999999999998339
128.899999999997,0.999999999998344
128.999999999997,0.99999999999835
129.099999999997,0.999999999998355
129.199999999997,0.99999999999836
129.299999999997,0.999999999998365
129.399999999997,0.99999999999837
129.499999999997,0.999999999998375
129.599999999997,0.99999999999838
129.699999999997,0.999999999998385
129.799999999997,0.999999999998389
129.899999999997,0.999999999998394
129.999999999997,0.999999999998398
130.099999999997,0.999999999998402
130.199999999997,0.999999999998406
130.299999999997,0.99999999999841
130.399999999997,0.999999999998414
130.499999999997,0.999999999998418
130.599999999997,0.999999999998422
130.699999999997,0.999999999998426
130.799999999997,0.999999999998429
130.899999999997,0.999999999998433
130.999999999997,0.999999999998436
131.099999999997,0.99999999999844
131.199999999997,0.999999999998443
131.299999999997,0.999999999998446
131.399999999997,0.999999999998449
131.499999999997,0.999999999998453
131.599999999997,0.999999999998456
131.699999999997,0.999999999998459
131.799999999997,0.999999999998461
131.899999999997,0.999999999998464
131.999999999997,0.999999999998467
132.099999999997,0.99999999999847
132.199999999997,0.999999999998473
132.299999999997,0.999999999998475
132.399999999997,0.999999999998478
132.499999999997,0.99999999999848
132.599999999997,0.999999999998483
132.699999999997,0.999999999998485
132.799999999997,0.999999999998487
132.899999999997,0.999999999998489
132.999999999997,0.999999999998492
133.099999999997,0.999999999998494
133.199999999997,0.999999999998496
133.299999999997,0.999999999998498
133.399999999997,0.9999999999985
133.499999999997,0.999999999998502
133.599999999997,0.999999999998504
133.699999999997,0.999999999998506
133.799999999997,0.999999999998508
133.899999999997,0.99999999999851
133.999999999997,0.999999999998512
134.099999999997,0.999999999998513
134.199999999997,0.999999999998515
134.299999999997,0.999999999998517
134.399999999997,0.999999999998518
134.499999999997,0.99999999999852
134.599999999997,0.999999999998522
134.699999999997,0.999999999998523
134.799999999997,0.999999999998525
134.899999999997,0.999999999998526
134.999999999997,0.999999999998527
135.099999999997,0.999999999998529
135.199999999997,0.99999999999853
135.299999999997,0.999999999998532
135.399999999997,0.999999999998533
135.499999999997,0.999999999998534
135.599999999997,0.999999999998535
135.699999999997,0.999999999998537
135.799999999997,0.999999999998538
135.899999999997,0.999999999998539
135.999999999997,0.99999999999854
136.099999999997,0.999999999998541
136.199999999997,0.999999999998542
136.299999999997,0.999999999998543
136.399999999997,0.999999999998544
136.499999999997,0.999999999998546
136.599999999997,0.999999999998547
136.699999999997,0.999999999998548
136.799999999997,0.999999999998549
136.899999999997,0.99999999999855
136.999999999997,0.99999999999855
137.099999999996,0.999999999998551
137.199999999996,0.999999999998552
137.299999999996,0.999999999998553
137.399999999996,0.999999999998554
137.499999999996,0.999999999998555
137.599999999996,0.999999999998555
137.699999999996,0.999999999998556
137.799999999996,0.999999999998557
137.899999999996,0.999999999998558
137.999999999996,0.999999999998558
138.099999999996,0.999999999998559
138.199999999996,0.99999999999856
138.299999999996,0.99999999999856
138.399999999996,0.999999999998561
138.499999999996,0.999999999998562
138.599999999996,0.999999999998562
138.699999999996,0.999999999998563
138.799999999996,0.999999999998564
138.899999999996,0.999999999998564
138.999999999996,0.999999999998565
139.099999999996,0.999999999998565
139.199999999996,0.999999999998566
139.299999999996,0.999999999998567
139.399999999996,0.999999999998567
139.499999999996,0.999999999998568
139.599999999996,0.999999999998568
139.699999999996,0.999999999998569
139.799999999996,0.999999999998569
139.899999999996,0.99999999999857
139.999999999996,0.99999999999857
140.099999999996,0.999999999998571
140.199999999996,0.999999999998571
140.299999999996,0.999999999998572
140.399999999996,0.999999999998572
140.499999999996,0.999999999998573
140.599999999996,0.999999999998573
140.699999999996,0.999999999998573
140.799999999996,0.999999999998574
140.899999999996,0.999999999998574
140.999999999996,0.999999999998574
141.099999999996,0.999999999998575
141.199999999996,0.999999999998575
141.299999999996,0.999999999998575
141.399999999996,0.999999999998576
141.499999999996,0.999999999998576
141.599999999996,0.999999999998576
141.699999999996,0.999999999998577
141.799999999996,0.999999999998577
141.899999999996,0.999999999998577
141.999999999996,0.999999999998578
142.099999999996,0.999999999998578
142.199999999996,0.999999999998578
142.299999999996,0.999999999998579
142.399999999996,0.999999999998579
142.499999999996,0.999999999998579
142.599999999996,0.999999999998579
142.699999999996,0.99999999999858
142.799999999996,0.99999999999858
142.899999999996,0.99999999999858
142.999999999996,0.99999999999858
143.099999999996,0.99999999999858
143.199999999996,0.999999999998581
143.299999999996,0.999999999998581
143.399999999996,0.999999999998581
143.499999999996,0.999999999998581
143.599999999996,0.999999999998582
143.699999999996,0.999999999998582
143.799999999996,0.999999999998582
143.899999999996,0.999999999998582
143.999999999996,0.999999999998582
144.099999999996,0.999999999998583
144.199999999996,0.999999999998583
144.299999999996,0.999999999998583
144.399999999996,0.999999999998583
144.499999999996,0.999999999998583
144.599999999996,0.999999999998583
144.699999999996,0.999999999998583
144.799999999996,0.999999999998583
144.899999999996,0.999999999998584
144.999999999996,0.999999999998584
145.099999999996,0.999999999998584
145.199999999996,0.999999999998584
145.299999999996,0.999999999998584
145.399999999996,0.999999999998584
145.499999999996,0.999999999998584
145.599999999996,0.999999999998584
145.699999999996,0.999999999998584
145.799999999996,0.999999999998585
145.899999999996,0.999999999998585
145.999999999996,0.999999999998585
146.099999999996,0.999999999998585
146.199999999996,0.999999999998585
146.299999999996,0.999999999998585
146.399999999996,0.999999999998585
146.499999999996,0.999999999998585
146.599999999996,0.999999999998585
146.699999999996,0.999999999998586
146.799999999996,0.999999999998586
146.899999999996,0.999999999998586
146.999999999996,0.999999999998586
147.099999999996,0.999999999998586
147.199999999996,0.999999999998586
147.299999999996,0.999999999998586
147.399999999996,0.999999999998586
147.499999999996,0.999999999998586
147.599999999996,0.999999999998587
147.699999999996,0.999999999998587
147.799999999996,0.999999999998587
147.899999999996,0.999999999998587
147.999999999996,0.999999999998587
148.099999999996,0.999999999998587
148.199999999996,0.999999999998587
148.299999999996,0.999999999998587
148.399999999996,0.999999999998587
148.499999999996,0.999999999998588
148.599999999996,0.999999999998588
148.699999999996,0.999999999998588
148.799999999996,0.999999999998588
148.899999999996,0.999999999998588
148.999999999996,0.999999999998588
149.099999999996,0.999999999998588
149.199999999996,0.999999999998588
149.299999999996,0.999999999998588
149.399999999996,0.999999999998589
149.499999999996,0.999999999998589
149.599999999996,0.999999999998589
149.699999999996,0.999999999998589
149.799999999996,0.999999999998589
149.899999999996,0.999999999998589
149.999999999996,0.999999999998589
150.099999999996,0.999999999998589
150.199999999996,0.999999999998589
150.299999999996,0.999999999998589
150.399999999996,0.999999999998589
150.499999999996,0.999999999998589
150.599999999996,0.999999999998589
150.699999999996,0.999999999998589
150.799999999996,0.999999999998589
150.899999999996,0.999999999998589
150.999999999996,0.999999999998589
151.099999999996,0.999999999998589
151.199999999996,0.999999999998589
151.299999999996,0.999999999998589
151.399999999996,0.999999999998589
151.499999999996,0.999999999998589
151.599999999996,0.999999999998589
151.699999999996,0.999999999998589
151.799999999996,0.999999999998589
151.899999999996,0.999999999998589
151.999999999996,0.999999999998589
152.099999999996,0.999999999998589
152.199999999996,0.999999999998589
152.299999999996,0.999999999998589
152.399999999996,0.999999999998589
152.499999999996,0.999999999998589
152.599999999996,0.999999999998589
152.699999999996,0.999999999998589
152.799999999996,0.999999999998589
152.899999999996,0.999999999998589
152.999999999996,0.99999999999859
153.099999999996,0.99999999999859
153.199999999996,0.99999999999859
153.299999999996,0.99999999999859
153.399999999996,0.99999999999859
153.499999999996,0.99999999999859
153.599999999996,0.99999999999859
153.699999999996,0.99999999999859
153.799999999996,0.99999999999859
153.899999999996,0.99999999999859
153.999999999996,0.99999999999859
154.099999999996,0.99999999999859
154.199999999996,0.99999999999859
154.299999999996,0.99999999999859
154.399999999996,0.99999999999859
154.499999999996,0.99999999999859
154.599999999996,0.99999999999859
154.699999999995,0.99999999999859
154.799999999995,0.99999999999859
154.899999999995,0.99999999999859
154.999999999995,0.99999999999859
155.099999999995,0.99999999999859
155.199999999995,0.99999999999859
155.299999999995,0.99999999999859
155.399999999995,0.99999999999859
155.499999999995,0.99999999999859
155.599999999995,0.99999999999859
155.699999999995,0.99999999999859
155.799999999995,0.99999999999859
155.899999999995,0.99999999999859
155.999999999995,0.99999999999859
156.099999999995,0.99999999999859
156.199999999995,0.99999999999859
156.299999999995,0.99999999999859
156.399999999995,0.99999999999859
156.499999999995,0.99999999999859
156.599999999995,0.99999999999859
156.699999999995,0.99999999999859
156.799999999995,0.99999999999859
156.899999999995,0.99999999999859
156.999999999995,0.99999999999859
157.099999999995,0.99999999999859
157.199999999995,0.99999999999859
157.299999999995,0.99999999999859
157.399999999995,0.99999999999859
157.499999999995,0.99999999999859
157.599999999995,0.99999999999859
157.699999999995,0.99999999999859
157.799999999995,0.99999999999859
157.899999999995,0.99999999999859
157.999999999995,0.99999999999859
158.099999999995,0.99999999999859
158.199999999995,0.99999999999859
158.299999999995,0.99999999999859
158.399999999995,0.99999999999859
158.499999999995,0.99999999999859
158.599999999995,0.99999999999859
158.699999999995,0.99999999999859
158.799999999995,0.99999999999859
158.899999999995,0.99999999999859
158.999999999995,0.99999999999859
159.099999999995,0.99999999999859
159.199999999995,0.99999999999859
159.299999999995,0.99999999999859
159.399999999995,0.99999999999859
159.499999999995,0.99999999999859
159.599999999995,0.99999999999859
159.699999999995,0.99999999999859
159.799999999995,0.99999999999859
159.899999999995,0.99999999999859
159.999999999995,0.99999999999859
160.099999999995,0.99999999999859
160.199999999995,0.99999999999859
160.299999999995,0.99999999999859
160.399999999995,0.99999999999859
160.499999999995,0.99999999999859
160.599999999995,0.99999999999859
160.699999999995,0.99999999999859
160.799999999995,0.99999999999859
160.899999999995,0.99999999999859
160.999999999995,0.99999999999859
161.099999999995,0.99999999999859
161.199999999995,0.99999999999859
161.299999999995,0.99999999999859
161.399999999995,0.99999999999859
161.499999999995,0.99999999999859
161.599999999995,0.99999999999859
161.699999999995,0.99999999999859
161.799999999995,0.99999999999859
161.899999999995,0.99999999999859
161.999999999995,0.99999999999859
162.099999999995,0.99999999999859
162.199999999995,0.99999999999859
162.299999999995,0.99999999999859
162.399999999995,0.99999999999859
162.499999999995,0.99999999999859
162.599999999995,0.99999999999859
162.699999999995,0.99999999999859
162.799999999995,0.99999999999859
162.899999999995,0.99999999999859
162.999999999995,0.99999999999859
163.099999999995,0.99999999999859
163.199999999995,0.99999999999859
163.299999999995,0.99999999999859
163.399999999995,0.99999999999859
163.499999999995,0.99999999999859
163.599999999995,0.99999999999859
163.699999999995,0.99999999999859
163.799999999995,0.99999999999859
163.899999999995,0.99999999999859
163.999999999995,0.99999999999859
164.099999999995,0.99999999999859
164.199999999995,0.99999999999859
164.299999999995,0.99999999999859
164.399999999995,0.99999999999859
164.499999999995,0.99999999999859
164.599999999995,0.99999999999859
164.699999999995,0.99999999999859
164.799999999995,0.99999999999859
164.899999999995,0.99999999999859
164.999999999995,0.99999999999859
165.099999999995,0.99999999999859
165.199999999995,0.99999999999859
165.299999999995,0.99999999999859
165.399999999995,0.99999999999859
165.499999999995,0.99999999999859
165.599999999995,0.99999999999859
165.699999999995,0.99999999999859
165.799999999995,0.99999999999859
165.899999999995,0.99999999999859
165.999999999995,0.99999999999859
166.099999999995,0.99999999999859
166.199999999995,0.99999999999859
166.299999999995,0.99999999999859
166.399999999995,0.99999999999859
166.499999999995,0.99999999999859
166.599999999995,0.99999999999859
166.699999999995,0.99999999999859
166.799999999995,0.99999999999859
166.899999999995,0.99999999999859
166.999999999995,0.99999999999859
167.099999999995,0.99999999999859
167.199999999995,0.99999999999859
167.299999999995,0.99999999999859
167.399999999995,0.99999999999859
167.499999999995,0.99999999999859
167.599999999995,0.99999999999859
167.699999999995,0.99999999999859
167.799999999995,0.99999999999859
167.899999999995,0.99999999999859
167.999999999995,0.99999999999859
168.099999999995,0.99999999999859
168.199999999995,0.99999999999859
168.299999999995,0.99999999999859
168.399999999995,0.99999999999859
168.499999999995,0.99999999999859
168.599999999995,0.99999999999859
168.699999999995,0.99999999999859
168.799999999995,0.99999999999859
168.899999999995,0.99999999999859
168.999999999995,0.99999999999859
169.099999999995,0.99999999999859
169.199999999995,0.99999999999859
169.299999999995,0.99999999999859
169.399999999995,0.99999999999859
169.499999999995,0.99999999999859
169.599999999995,0.99999999999859
169.699999999995,0.99999999999859
169.799999999995,0.99999999999859
169.899999999995,0.99999999999859
169.999999999995,0.99999999999859
170.099999999995,0.99999999999859
170.199999999995,0.99999999999859
170.299999999995,0.99999999999859
170.399999999995,0.99999999999859
170.499999999995,0.99999999999859
170.599999999995,0.99999999999859
170.699999999995,0.99999999999859
170.799999999995,0.99999999999859
170.899999999995,0.99999999999859
170.999999999995,0.99999999999859
171.099999999995,0.99999999999859
171.199999999995,0.99999999999859
171.299999999995,0.99999999999859
171.399999999995,0.99999999999859
171.499999999995,0.99999999999859
171.599999999995,0.99999999999859
171.699999999995,0.99999999999859
171.799999999995,0.99999999999859
171.899999999995,0.99999999999859
171.999999999995,0.99999999999859
172.099999999995,0.99999999999859
172.199999999995,0.99999999999859
172.299999999994,0.99999999999859
172.399999999994,0.99999999999859
172.499999999994,0.99999999999859
172.599999999994,0.99999999999859
172.699999999994,0.99999999999859
172.799999999994,0.99999999999859
172.899999999994,0.99999999999859
172.999999999994,0.99999999999859
173.099999999994,0.99999999999859
173.199999999994,0.99999999999859
173.299999999994,0.99999999999859
173.399999999994,0.99999999999859
173.499999999994,0.99999999999859
173.599999999994,0.99999999999859
173.699999999994,0.99999999999859
173.799999999994,0.99999999999859
173.899999999994,0.99999999999859
173.999999999994,0.99999999999859
174.099999999994,0.99999999999859
174.199999999994,0.99999999999859
174.299999999994,0.99999999999859
174.399999999994,0.99999999999859
174.499999999994,0.99999999999859
174.599999999994,0.99999999999859
174.699999999994,0.99999999999859
174.799999999994,0.99999999999859
174.899999999994,0.99999999999859
174.999999999994,0.99999999999859
175.099999999994,0.99999999999859
175.199999999994,0.99999999999859
175.299999999994,0.99999999999859
175.399999999994,0.99999999999859
175.499999999994,0.99999999999859
175.599999999994,0.99999999999859
175.699999999994,0.99999999999859
175.799999999994,0.99999999999859
175.899999999994,0.99999999999859
175.999999999994,0.99999999999859
176.099999999994,0.99999999999859
176.199999999994,0.99999999999859
176.299999999994,0.99999999999859
176.399999999994,0.99999999999859
176.499999999994,0.99999999999859
176.599999999994,0.99999999999859
176.699999999994,0.99999999999859
176.799999999994,0.99999999999859
176.899999999994,0.99999999999859
176.999999999994,0.99999999999859
177.099999999994,0.99999999999859
177.199999999994,0.99999999999859
177.299999999994,0.99999999999859
177.399999999994,0.99999999999859
177.499999999994,0.99999999999859
177.599999999994,0.99999999999859
177.699999999994,0.99999999999859
177.799999999994,0.99999999999859
177.899999999994,0.99999999999859
177.999999999994,0.99999999999859
178.099999999994,0.99999999999859
178.199999999994,0.99999999999859
178.299999999994,0.99999999999859
178.399999999994,0.99999999999859
178.499999999994,0.99999999999859
178.599999999994,0.99999999999859
178.699999999994,0.99999999999859
178.799999999994,0.99999999999859
178.899999999994,0.99999999999859
178.999999999994,0.99999999999859
179.099999999994,0.99999999999859
179.199999999994,0.99999999999859
179.299999999994,0.99999999999859
179.399999999994,0.99999999999859
179.499999999994,0.99999999999859
179.599999999994,0.99999999999859
179.699999999994,0.99999999999859
179.799999999994,0.99999999999859
179.899999999994,0.99999999999859
179.999999999994,0.99999999999859
180.099999999994,0.99999999999859
180.199999999994,0.99999999999859
180.299999999994,0.99999999999859
180.399999999994,0.99999999999859
180.499999999994,0.99999999999859
180.599999999994,0.99999999999859
180.699999999994,0.99999999999859
180.799999999994,0.99999999999859
180.899999999994,0.99999999999859
180.999999999994,0.99999999999859
181.099999999994,0.99999999999859
181.199999999994,0.99999999999859
181.299999999994,0.99999999999859
181.399999999994,0.99999999999859
181.499999999994,0.99999999999859
181.599999999994,0.99999999999859
181.699999999994,0.99999999999859
181.799999999994,0.99999999999859
181.899999999994,0.99999999999859
181.999999999994,0.99999999999859
182.099999999994,0.99999999999859
182.199999999994,0.99999999999859
182.299999999994,0.99999999999859
182.399999999994,0.99999999999859
182.499999999994,0.99999999999859
182.599999999994,0.99999999999859
182.699999999994,0.99999999999859
182.799999999994,0.99999999999859
182.899999999994,0.99999999999859
182.999999999994,0.99999999999859
183.099999999994,0.99999999999859
183.199999999994,0.99999999999859
183.299999999994,0.99999999999859
183.399999999994,0.99999999999859
183.499999999994,0.99999999999859
183.599999999994,0.99999999999859
183.699999999994,0.99999999999859
183.799999999994,0.99999999999859
183.899999999994,0.99999999999859
183.999999999994,0.99999999999859
184.099999999994,0.99999999999859
184.199999999994,0.99999999999859
184.299999999994,0.99999999999859
184.399999999994,0.99999999999859
184.499999999994,0.99999999999859
184.599999999994,0.99999999999859
184.699999999994,0.99999999999859
184.799999999994,0.99999999999859
184.899999999994,0.99999999999859
184.999999999994,0.99999999999859
185.099999999994,0.99999999999859
185.199999999994,0.99999999999859
185.299999999994,0.99999999999859
185.399999999994,0.99999999999859
185.499999999994,0.99999999999859
185.599999999994,0.99999999999859
185.699999999994,0.99999999999859
185.799999999994,0.99999999999859
185.899999999994,0.99999999999859
185.999999999994,0.99999999999859
186.099999999994,0.99999999999859
186.199999999994,0.99999999999859
186.299999999994,0.99999999999859
186.399999999994,0.99999999999859
186.499999999994,0.99999999999859
186.599999999994,0.99999999999859
186.699999999994,0.99999999999859
186.799999999994,0.99999999999859
186.899999999994,0.99999999999859
186.999999999994,0.99999999999859
187.099999999994,0.99999999999859
187.199999999994,0.99999999999859
187.299999999994,0.99999999999859
187.399999999994,0.99999999999859
187.499999999994,0.99999999999859
187.599999999994,0.99999999999859
187.699999999994,0.99999999999859
187.799999999994,0.99999999999859
187.899999999994,0.99999999999859
187.999999999994,0.99999999999859
188.099999999994,0.99999999999859
188.199999999994,0.99999999999859
188.299999999994,0.99999999999859
188.399999999994,0.99999999999859
188.499999999994,0.99999999999859
188.599999999994,0.99999999999859
188.699999999994,0.99999999999859
188.799999999994,0.99999999999859
188.899999999994,0.99999999999859
188.999999999994,0.99999999999859
189.099999999994,0.99999999999859
189.199999999994,0.99999999999859
189.299999999994,0.99999999999859
189.399999999994,0.99999999999859
189.499999999994,0.99999999999859
189.599999999994,0.99999999999859
189.699999999994,0.99999999999859
189.799999999994,0.99999999999859
189.899999999993,0.99999999999859
189.999999999993,0.99999999999859
190.099999999993,0.99999999999859
190.199999999993,0.99999999999859
190.299999999993,0.99999999999859
190.399999999993,0.99999999999859
190.499999999993,0.99999999999859
190.599999999993,0.99999999999859
190.699999999993,0.99999999999859
190.799999999993,0.99999999999859
190.899999999993,0.99999999999859
190.999999999993,0.99999999999859
191.099999999993,0.99999999999859
191.199999999993,0.99999999999859
191.299999999993,0.99999999999859
191.399999999993,0.99999999999859
191.499999999993,0.99999999999859
191.599999999993,0.99999999999859
191.699999999993,0.99999999999859
191.799999999993,0.99999999999859
191.899999999993,0.99999999999859
191.999999999993,0.99999999999859
192.099999999993,0.99999999999859
192.199999999993,0.99999999999859
192.299999999993,0.99999999999859
192.399999999993,0.99999999999859
192.499999999993,0.99999999999859
192.599999999993,0.99999999999859
192.699999999993,0.99999999999859
192.799999999993,0.99999999999859
192.899999999993,0.99999999999859
192.999999999993,0.99999999999859
193.099999999993,0.99999999999859
193.199999999993,0.99999999999859
193.299999999993,0.99999999999859
193.399999999993,0.99999999999859
193.499999999993,0.99999999999859
193.599999999993,0.99999999999859
193.699999999993,0.99999999999859
193.799999999993,0.99999999999859
193.899999999993,0.99999999999859
193.999999999993,0.99999999999859
194.099999999993,0.99999999999859
194.199999999993,0.99999999999859
194.299999999993,0.99999999999859
194.399999999993,0.99999999999859
194.499999999993,0.99999999999859
194.599999999993,0.99999999999859
194.699999999993,0.99999999999859
194.799999999993,0.99999999999859
194.899999999993,0.99999999999859
194.999999999993,0.99999999999859
195.099999999993,0.99999999999859
195.199999999993,0.99999999999859
195.299999999993,0.99999999999859
195.399999999993,0.99999999999859
195.499999999993,0.99999999999859
195.599999999993,0.99999999999859
195.699999999993,0.99999999999859
195.799999999993,0.99999999999859
195.899999999993,0.99999999999859
195.999999999993,0.99999999999859
196.099999999993,0.99999999999859
196.199999999993,0.99999999999859
196.299999999993,0.99999999999859
196.399999999993,0.99999999999859
196.499999999993,0.99999999999859
196.599999999993,0.99999999999859
196.699999999993,0.99999999999859
196.799999999993,0.99999999999859
196.899999999993,0.99999999999859
196.999999999993,0.99999999999859
197.099999999993,0.99999999999859
197.199999999993,0.99999999999859
197.299999999993,0.99999999999859
197.399999999993,0.99999999999859
197.499999999993,0.99999999999859
197.599999999993,0.99999999999859
197.699999999993,0.99999999999859
197.799999999993,0.99999999999859
197.899999999993,0.99999999999859
197.999999999993,0.99999999999859
198.099999999993,0.99999999999859
198.199999999993,0.99999999999859
198.299999999993,0.99999999999859
198.399999999993,0.99999999999859
198.499999999993,0.99999999999859
198.599999999993,0.99999999999859
198.699999999993,0.99999999999859
198.799999999993,0.99999999999859
198.899999999993,0.99999999999859
198.999999999993,0.99999999999859
199.099999999993,0.99999999999859
199.199999999993,0.99999999999859
199.299999999993,0.99999999999859
199.399999999993,0.99999999999859
199.499999999993,0.99999999999859
199.599999999993,0.99999999999859
199.699999999993,0.99999999999859
199.799999999993,0.99999999999859
199.899999999993,0.99999999999859
199.999999999993,0.99999999999859
200.099999999993,0.99999999999859
200.199999999993,0.99999999999859
200.299999999993,0.99999999999859
200.399999999993,0.99999999999859
200.499999999993,0.99999999999859
200.599999999993,0.99999999999859
200.699999999993,0.99999999999859
200.799999999993,0.99999999999859
200.899999999993,0.99999999999859
200.999999999993,0.99999999999859
201.099999999993,0.99999999999859
201.199999999993,0.99999999999859
201.299999999993,0.99999999999859
201.399999999993,0.99999999999859
201.499999999993,0.99999999999859
201.599999999993,0.99999999999859
201.699999999993,0.99999999999859
201.799999999993,0.99999999999859
201.899999999993,0.99999999999859
201.999999999993,0.99999999999859
202.099999999993,0.99999999999859
202.199999999993,0.99999999999859
202.299999999993,0.99999999999859
202.399999999993,0.99999999999859
202.499999999993,0.99999999999859
202.599999999993,0.99999999999859
202.699999999993,0.99999999999859
202.799999999993,0.99999999999859
202.899999999993,0.99999999999859
202.999999999993,0.99999999999859
203.099999999993,0.99999999999859
203.199999999993,0.99999999999859
203.299999999993,0.99999999999859
203.399999999993,0.99999999999859
203.499999999993,0.99999999999859
203.599999999993,0.99999999999859
203.699999999993,0.99999999999859
203.799999999993,0.99999999999859
203.899999999993,0.99999999999859
203.999999999993,0.99999999999859
204.099999999993,0.99999999999859
204.199999999993,0.99999999999859
204.299999999993,0.99999999999859
204.399999999993,0.99999999999859
204.499999999993,0.99999999999859
204.599999999993,0.99999999999859
204.699999999993,0.99999999999859
204.799999999993,0.99999999999859
204.899999999993,0.99999999999859
204.999999999993,0.99999999999859
205.099999999993,0.99999999999859
205.199999999993,0.99999999999859
205.299999999993,0.99999999999859
205.399999999993,0.99999999999859
205.499999999993,0.99999999999859
205.599999999993,0.99999999999859
205.699999999993,0.99999999999859
205.799999999993,0.99999999999859
205.899999999993,0.99999999999859
205.999999999993,0.99999999999859
206.099999999993,0.99999999999859
206.199999999993,0.99999999999859
206.299999999993,0.99999999999859
206.399999999993,0.99999999999859
206.499999999993,0.99999999999859
206.599999999993,0.99999999999859
206.699999999993,0.99999999999859
206.799999999993,0.99999999999859
206.899999999993,0.99999999999859
206.999999999993,0.99999999999859
207.099999999993,0.99999999999859
207.199999999993,0.99999999999859
207.299999999993,0.99999999999859
207.399999999993,0.99999999999859
207.499999999992,0.99999999999859
207.599999999992,0.99999999999859
207.699999999992,0.99999999999859
207.799999999992,0.99999999999859
207.899999999992,0.99999999999859
207.999999999992,0.99999999999859
208.099999999992,0.99999999999859
208.199999999992,0.99999999999859
208.299999999992,0.99999999999859
208.399999999992,0.99999999999859
208.499999999992,0.99999999999859
208.599999999992,0.99999999999859
208.699999999992,0.99999999999859
208.799999999992,0.99999999999859
208.899999999992,0.99999999999859
208.999999999992,0.99999999999859
209.099999999992,0.99999999999859
209.199999999992,0.99999999999859
209.299999999992,0.99999999999859
209.399999999992,0.99999999999859
209.499999999992,0.99999999999859
209.599999999992,0.99999999999859
209.699999999992,0.99999999999859
209.799999999992,0.99999999999859
209.899999999992,0.99999999999859
209.999999999992,0.99999999999859
210.099999999992,0.99999999999859
210.199999999992,0.99999999999859
210.299999999992,0.99999999999859
210.399999999992,0.99999999999859
210.499999999992,0.99999999999859
210.599999999992,0.99999999999859
210.699999999992,0.99999999999859
210.799999999992,0.99999999999859
210.899999999992,0.99999999999859
210.999999999992,0.99999999999859
211.099999999992,0.99999999999859
211.199999999992,0.99999999999859
211.299999999992,0.99999999999859
211.399999999992,0.99999999999859
211.499999999992,0.99999999999859
211.599999999992,0.99999999999859
211.699999999992,0.99999999999859
211.799999999992,0.99999999999859
211.899999999992,0.99999999999859
211.999999999992,0.99999999999859
212.099999999992,0.99999999999859
212.199999999992,0.99999999999859
212.299999999992,0.99999999999859
212.399999999992,0.99999999999859
212.499999999992,0.99999999999859
212.599999999992,0.99999999999859
212.699999999992,0.99999999999859
212.799999999992,0.99999999999859
212.899999999992,0.99999999999859
212.999999999992,0.99999999999859
213.099999999992,0.99999999999859
213.199999999992,0.99999999999859
213.299999999992,0.99999999999859
213.399999999992,0.99999999999859
213.499999999992,0.99999999999859
213.599999999992,0.99999999999859
213.699999999992,0.99999999999859
213.799999999992,0.99999999999859
213.899999999992,0.99999999999859
213.999999999992,0.99999999999859
214.099999999992,0.99999999999859
214.199999999992,0.99999999999859
214.299999999992,0.99999999999859
214.399999999992,0.99999999999859
214.499999999992,0.99999999999859
214.599999999992,0.99999999999859
214.699999999992,0.99999999999859
214.799999999992,0.99999999999859
214.899999999992,0.99999999999859
214.999999999992,0.99999999999859
215.099999999992,0.99999999999859
215.199999999992,0.99999999999859
215.299999999992,0.99999999999859
215.399999999992,0.99999999999859
215.499999999992,0.99999999999859
215.599999999992,0.99999999999859
215.699999999992,0.99999999999859
215.799999999992,0.99999999999859
215.899999999992,0.99999999999859
215.999999999992,0.99999999999859
216.099999999992,0.99999999999859
216.199999999992,0.99999999999859
216.299999999992,0.99999999999859
216.399999999992,0.99999999999859
216.499999999992,0.99999999999859
216.599999999992,0.99999999999859
216.699999999992,0.99999999999859
216.799999999992,0.99999999999859
216.899999999992,0.99999999999859
216.999999999992,0.99999999999859
217.099999999992,0.99999999999859
217.199999999992,0.99999999999859
217.299999999992,0.99999999999859
217.399999999992,0.99999999999859
217.499999999992,0.99999999999859
217.599999999992,0.99999999999859
217.699999999992,0.99999999999859
217.799999999992,0.99999999999859
217.899999999992,0.99999999999859
217.999999999992,0.99999999999859
218.099999999992,0.99999999999859
218.199999999992,0.99999999999859
218.299999999992,0.99999999999859
218.399999999992,0.99999999999859
218.499999999992,0.99999999999859
218.599999999992,0.99999999999859
218.699999999992,0.99999999999859
218.799999999992,0.99999999999859
218.899999999992,0.99999999999859
218.999999999992,0.99999999999859
219.099999999992,0.99999999999859
219.199999999992,0.99999999999859
219.299999999992,0.99999999999859
219.399999999992,0.99999999999859
219.499999999992,0.99999999999859
219.599999999992,0.99999999999859
219.699999999992,0.99999999999859
219.799999999992,0.99999999999859
219.899999999992,0.99999999999859
219.999999999992,0.99999999999859
220.099999999992,0.99999999999859
220.199999999992,0.99999999999859
220.299999999992,0.99999999999859
220.399999999992,0.99999999999859
220.499999999992,0.99999999999859
220.599999999992,0.99999999999859
220.699999999992,0.99999999999859
220.799999999992,0.99999999999859
220.899999999992,0.99999999999859
220.999999999992,0.99999999999859
221.099999999992,0.99999999999859
221.199999999992,0.99999999999859
221.299999999992,0.99999999999859
221.399999999992,0.99999999999859
221.499999999992,0.99999999999859
221.599999999992,0.99999999999859
221.699999999992,0.99999999999859
221.799999999992,0.99999999999859
221.899999999992,0.99999999999859
221.999999999992,0.99999999999859
222.099999999992,0.99999999999859
222.199999999992,0.99999999999859
222.299999999992,0.99999999999859
222.399999999992,0.99999999999859
222.499999999992,0.99999999999859
222.599999999992,0.99999999999859
222.699999999992,0.99999999999859
222.799999999992,0.99999999999859
222.899999999992,0.99999999999859
222.999999999992,0.99999999999859
223.099999999992,0.99999999999859
223.199999999992,0.99999999999859
223.299999999992,0.99999999999859
223.399999999992,0.99999999999859
223.499999999992,0.99999999999859
223.599999999992,0.99999999999859
223.699999999992,0.99999999999859
223.799999999992,0.99999999999859
223.899999999992,0.99999999999859
223.999999999992,0.99999999999859
224.099999999992,0.99999999999859
224.199999999992,0.99999999999859
224.299999999992,0.99999999999859
224.399999999992,0.99999999999859
224.499999999992,0.99999999999859
224.599999999992,0.99999999999859
224.699999999992,0.99999999999859
224.799999999992,0.99999999999859
224.899999999992,0.99999999999859
224.999999999992,0.99999999999859
225.099999999991,0.99999999999859
225.199999999991,0.99999999999859
225.299999999991,0.99999999999859
225.399999999991,0.99999999999859
225.499999999991,0.99999999999859
225.599999999991,0.99999999999859
225.699999999991,0.99999999999859
225.799999999991,0.99999999999859
225.899999999991,0.99999999999859
225.999999999991,0.99999999999859
226.099999999991,0.99999999999859
226.199999999991,0.99999999999859
226.299999999991,0.99999999999859
226.399999999991,0.99999999999859
226.499999999991,0.99999999999859
226.599999999991,0.99999999999859
226.699999999991,0.99999999999859
226.799999999991,0.99999999999859
226.899999999991,0.99999999999859
226.999999999991,0.99999999999859
227.099999999991,0.99999999999859
227.199999999991,0.99999999999859
227.299999999991,0.99999999999859
227.399999999991,0.99999999999859
227.499999999991,0.99999999999859
227.599999999991,0.99999999999859
227.699999999991,0.99999999999859
227.799999999991,0.99999999999859
227.899999999991,0.99999999999859
227.999999999991,0.99999999999859
228.099999999991,0.99999999999859
228.199999999991,0.99999999999859
228.299999999991,0.99999999999859
228.399999999991,0.99999999999859
228.499999999991,0.99999999999859
228.599999999991,0.99999999999859
228.699999999991,0.99999999999859
228.799999999991,0.99999999999859
228.899999999991,0.99999999999859
228.999999999991,0.99999999999859
229.099999999991,0.99999999999859
229.199999999991,0.99999999999859
229.299999999991,0.99999999999859
229.399999999991,0.99999999999859
229.499999999991,0.99999999999859
229.599999999991,0.99999999999859
229.699999999991,0.99999999999859
229.799999999991,0.99999999999859
229.899999999991,0.99999999999859
229.999999999991,0.99999999999859
230.099999999991,0.99999999999859
230.199999999991,0.99999999999859
230.299999999991,0.99999999999859
230.399999999991,0.99999999999859
230.499999999991,0.99999999999859
230.599999999991,0.99999999999859
230.699999999991,0.99999999999859
230.799999999991,0.99999999999859
230.899999999991,0.99999999999859
230.999999999991,0.99999999999859
231.099999999991,0.99999999999859
231.199999999991,0.99999999999859
231.299999999991,0.99999999999859
231.399999999991,0.99999999999859
231.499999999991,0.99999999999859
231.599999999991,0.99999999999859
231.699999999991,0.99999999999859
231.799999999991,0.99999999999859
231.899999999991,0.99999999999859
231.999999999991,0.99999999999859
232.099999999991,0.99999999999859
232.199999999991,0.99999999999859
232.299999999991,0.99999999999859
232.399999999991,0.99999999999859
232.499999999991,0.99999999999859
232.599999999991,0.99999999999859
232.699999999991,0.99999999999859
232.799999999991,0.99999999999859
232.899999999991,0.99999999999859
232.999999999991,0.99999999999859
233.099999999991,0.99999999999859
233.199999999991,0.99999999999859
233.299999999991,0.99999999999859
233.399999999991,0.99999999999859
233.499999999991,0.99999999999859
233.599999999991,0.99999999999859
233.699999999991,0.99999999999859
233.799999999991,0.99999999999859
233.899999999991,0.99999999999859
233.999999999991,0.99999999999859
234.099999999991,0.99999999999859
234.199999999991,0.99999999999859
234.299999999991,0.99999999999859
234.399999999991,0.99999999999859
234.499999999991,0.99999999999859
234.599999999991,0.99999999999859
234.699999999991,0.99999999999859
234.799999999991,0.99999999999859
234.899999999991,0.99999999999859
234.999999999991,0.99999999999859
235.099999999991,0.99999999999859
235.199999999991,0.99999999999859
235.299999999991,0.99999999999859
235.399999999991,0.99999999999859
235.499999999991,0.99999999999859
235.599999999991,0.99999999999859
235.699999999991,0.99999999999859
235.799999999991,0.99999999999859
235.899999999991,0.99999999999859
235.999999999991,0.99999999999859
236.099999999991,0.99999999999859
236.199999999991,0.99999999999859
236.299999999991,0.99999999999859
236.399999999991,0.99999999999859
236.499999999991,0.99999999999859
236.599999999991,0.99999999999859
236.699999999991,0.99999999999859
236.799999999991,0.99999999999859
236.899999999991,0.99999999999859
236.999999999991,0.99999999999859
237.099999999991,0.99999999999859
237.199999999991,0.99999999999859
237.299999999991,0.99999999999859
237.399999999991,0.99999999999859
237.499999999991,0.99999999999859
237.599999999991,0.99999999999859
237.699999999991,0.99999999999859
237.799999999991,0.99999999999859
237.899999999991,0.99999999999859
237.999999999991,0.99999999999859
238.099999999991,0.99999999999859
238.199999999991,0.99999999999859
238.299999999991,0.99999999999859
238.399999999991,0.99999999999859
238.499999999991,0.99999999999859
238.599999999991,0.99999999999859
238.699999999991,0.99999999999859
238.799999999991,0.99999999999859
238.899999999991,0.99999999999859
238.999999999991,0.99999999999859
239.099999999991,0.99999999999859
239.199999999991,0.99999999999859
239.299999999991,0.99999999999859
239.399999999991,0.99999999999859
239.499999999991,0.99999999999859
239.599999999991,0.99999999999859
239.699999999991,0.99999999999859
239.799999999991,0.99999999999859
239.899999999991,0.99999999999859
239.999999999991,0.99999999999859
240.099999999991,0.99999999999859
240.199999999991,0.99999999999859
240.299999999991,0.99999999999859
240.399999999991,0.99999999999859
240.499999999991,0.99999999999859
240.599999999991,0.99999999999859
240.699999999991,0.99999999999859
240.799999999991,0.99999999999859
240.899999999991,0.99999999999859
240.999999999991,0.99999999999859
241.099999999991,0.99999999999859
241.199999999991,0.99999999999859
241.299999999991,0.99999999999859
241.399999999991,0.99999999999859
241.499999999991,0.99999999999859
241.599999999991,0.99999999999859
241.699999999991,0.99999999999859
241.799999999991,0.99999999999859
241.899999999991,0.99999999999859
241.999999999991,0.99999999999859
242.099999999991,0.99999999999859
242.199999999991,0.99999999999859
242.299999999991,0.99999999999859
242.399999999991,0.99999999999859
242.499999999991,0.99999999999859
242.599999999991,0.99999999999859
242.69999999999,0.99999999999859
242.79999999999,0.99999999999859
242.89999999999,0.99999999999859
242.99999999999,0.99999999999859
243.09999999999,0.99999999999859
243.19999999999,0.99999999999859
243.29999999999,0.99999999999859
243.39999999999,0.99999999999859
243.49999999999,0.99999999999859
243.59999999999,0.99999999999859
243.69999999999,0.99999999999859
243.79999999999,0.99999999999859
243.89999999999,0.99999999999859
243.99999999999,0.99999999999859
244.09999999999,0.99999999999859
244.19999999999,0.99999999999859
244.29999999999,0.99999999999859
244.39999999999,0.99999999999859
244.49999999999,0.99999999999859
244.59999999999,0.99999999999859
244.69999999999,0.99999999999859
244.79999999999,0.99999999999859
244.89999999999,0.99999999999859
244.99999999999,0.99999999999859
245.09999999999,0.99999999999859
245.19999999999,0.99999999999859
245.29999999999,0.99999999999859
245.39999999999,0.99999999999859
245.49999999999,0.99999999999859
245.59999999999,0.99999999999859
245.69999999999,0.99999999999859
245.79999999999,0.99999999999859
245.89999999999,0.99999999999859
245.99999999999,0.99999999999859
246.09999999999,0.99999999999859
246.19999999999,0.99999999999859
246.29999999999,0.99999999999859
246.39999999999,0.99999999999859
246.49999999999,0.99999999999859
246.59999999999,0.99999999999859
246.69999999999,0.99999999999859
246.79999999999,0.99999999999859
246.89999999999,0.99999999999859
246.99999999999,0.99999999999859
247.09999999999,0.99999999999859
247.19999999999,0.99999999999859
247.29999999999,0.99999999999859
247.39999999999,0.99999999999859
247.49999999999,0.99999999999859
247.59999999999,0.99999999999859
247.69999999999,0.99999999999859
247.79999999999,0.99999999999859
247.89999999999,0.99999999999859
247.99999999999,0.99999999999859
248.09999999999,0.99999999999859
248.19999999999,0.99999999999859
248.29999999999,0.99999999999859
248.39999999999,0.99999999999859
248.49999999999,0.99999999999859
248.59999999999,0.99999999999859
248.69999999999,0.99999999999859
248.79999999999,0.99999999999859
248.89999999999,0.99999999999859
248.99999999999,0.99999999999859
249.09999999999,0.99999999999859
249.19999999999,0.99999999999859
249.29999999999,0.99999999999859
249.39999999999,0.99999999999859
249.49999999999,0.99999999999859
249.59999999999,0.99999999999859
249.69999999999,0.99999999999859
249.79999999999,0.99999999999859
249.89999999999,0.99999999999859
249.99999999999,0.99999999999859
250.09999999999,0.99999999999859
250.19999999999,0.99999999999859
250.29999999999,0.99999999999859
250.39999999999,0.99999999999859
250.49999999999,0.99999999999859
250.59999999999,0.99999999999859
250.69999999999,0.99999999999859
250.79999999999,0.99999999999859
250.89999999999,0.99999999999859
250.99999999999,0.99999999999859
251.09999999999,0.99999999999859
251.19999999999,0.99999999999859
251.29999999999,0.99999999999859
251.39999999999,0.99999999999859
251.49999999999,0.99999999999859
251.59999999999,0.99999999999859
251.69999999999,0.99999999999859
251.79999999999,0.99999999999859
251.89999999999,0.99999999999859
251.99999999999,0.99999999999859
252.09999999999,0.99999999999859
252.19999999999,0.99999999999859
252.29999999999,0.99999999999859
252.39999999999,0.99999999999859
252.49999999999,0.99999999999859
252.59999999999,0.99999999999859
252.69999999999,0.99999999999859
252.79999999999,0.99999999999859
252.89999999999,0.99999999999859
252.99999999999,0.99999999999859
253.09999999999,0.99999999999859
253.19999999999,0.99999999999859
253.29999999999,0.99999999999859
253.39999999999,0.99999999999859
253.49999999999,0.99999999999859
253.59999999999,0.99999999999859
253.69999999999,0.99999999999859
253.79999999999,0.99999999999859
253.89999999999,0.99999999999859
253.99999999999,0.99999999999859
254.09999999999,0.99999999999859
254.19999999999,0.99999999999859
254.29999999999,0.99999999999859
254.39999999999,0.99999999999859
254.49999999999,0.99999999999859
254.59999999999,0.99999999999859
254.69999999999,0.99999999999859
254.79999999999,0.99999999999859
254.89999999999,0.99999999999859
254.99999999999,0.99999999999859
255.09999999999,0.99999999999859
255.19999999999,0.99999999999859
255.29999999999,0.99999999999859
255.39999999999,0.99999999999859
255.49999999999,0.99999999999859
255.59999999999,0.99999999999859
255.69999999999,0.99999999999859
255.79999999999,0.99999999999859
255.89999999999,0.99999999999859
255.99999999999,0.99999999999859
256.09999999999,0.99999999999859
256.19999999999,0.99999999999859
256.29999999999,0.99999999999859
256.39999999999,0.99999999999859
256.49999999999,0.99999999999859
256.59999999999,0.99999999999859
256.69999999999,0.99999999999859
256.79999999999,0.99999999999859
256.89999999999,0.99999999999859
256.99999999999,0.99999999999859
257.09999999999,0.99999999999859
257.19999999999,0.99999999999859
257.29999999999,0.99999999999859
257.39999999999,0.99999999999859
257.49999999999,0.99999999999859
257.59999999999,0.99999999999859
257.69999999999,0.99999999999859
257.79999999999,0.99999999999859
257.89999999999,0.99999999999859
257.99999999999,0.99999999999859
258.09999999999,0.99999999999859
258.19999999999,0.99999999999859
258.29999999999,0.99999999999859
258.39999999999,0.99999999999859
258.49999999999,0.99999999999859
258.59999999999,0.99999999999859
258.69999999999,0.99999999999859
258.79999999999,0.99999999999859
258.89999999999,0.99999999999859
258.99999999999,0.99999999999859
259.09999999999,0.99999999999859
259.19999999999,0.99999999999859
259.29999999999,0.99999999999859
259.39999999999,0.99999999999859
259.499999999991,0.99999999999859
259.599999999991,0.99999999999859
259.699999999991,0.99999999999859
259.799999999991,0.99999999999859
259.899999999991,0.99999999999859
259.999999999991,0.99999999999859
260.099999999991,0.99999999999859
260.199999999991,0.99999999999859
260.299999999991,0.99999999999859
260.399999999991,0.99999999999859
260.499999999991,0.99999999999859
260.599999999991,0.99999999999859
260.699999999991,0.99999999999859
260.799999999991,0.99999999999859
260.899999999991,0.99999999999859
260.999999999991,0.99999999999859
261.099999999991,0.99999999999859
261.199999999991,0.99999999999859
261.299999999991,0.99999999999859
261.399999999991,0.99999999999859
261.499999999991,0.99999999999859
261.599999999991,0.99999999999859
261.699999999991,0.99999999999859
261.799999999991,0.99999999999859
261.899999999991,0.99999999999859
261.999999999991,0.99999999999859
262.099999999991,0.99999999999859
262.199999999991,0.99999999999859
262.299999999991,0.99999999999859
262.399999999991,0.99999999999859
262.499999999991,0.99999999999859
262.599999999991,0.99999999999859
262.699999999991,0.99999999999859
262.799999999991,0.99999999999859
262.899999999991,0.99999999999859
262.999999999991,0.99999999999859
263.099999999991,0.99999999999859
263.199999999991,0.99999999999859
263.299999999991,0.99999999999859
263.399999999991,0.99999999999859
263.499999999991,0.99999999999859
263.599999999991,0.99999999999859
263.699999999991,0.99999999999859
263.799999999991,0.99999999999859
263.899999999992,0.99999999999859
263.999999999992,0.99999999999859
264.099999999992,0.99999999999859
264.199999999992,0.99999999999859
264.299999999992,0.99999999999859
264.399999999992,0.99999999999859
264.499999999992,0.99999999999859
264.599999999992,0.99999999999859
264.699999999992,0.99999999999859
264.799999999992,0.99999999999859
264.899999999992,0.99999999999859
264.999999999992,0.99999999999859
265.099999999992,0.99999999999859
265.199999999992,0.99999999999859
265.299999999992,0.99999999999859
265.399999999992,0.99999999999859
265.499999999992,0.99999999999859
265.599999999992,0.99999999999859
265.699999999992,0.99999999999859
265.799999999992,0.99999999999859
265.899999999992,0.99999999999859
265.999999999992,0.99999999999859
266.099999999992,0.99999999999859
266.199999999992,0.99999999999859
266.299999999992,0.99999999999859
266.399999999992,0.99999999999859
266.499999999992,0.99999999999859
266.599999999992,0.99999999999859
266.699999999992,0.99999999999859
266.799999999992,0.99999999999859
266.899999999992,0.99999999999859
266.999999999992,0.99999999999859
267.099999999992,0.99999999999859
267.199999999992,0.99999999999859
267.299999999992,0.99999999999859
267.399999999992,0.99999999999859
267.499999999992,0.99999999999859
267.599999999992,0.99999999999859
267.699999999992,0.99999999999859
267.799999999992,0.99999999999859
267.899999999992,0.99999999999859
267.999999999992,0.99999999999859
268.099999999992,0.99999999999859
268.199999999992,0.99999999999859
268.299999999993,0.99999999999859
268.399999999993,0.99999999999859
268.499999999993,0.99999999999859
268.599999999993,0.99999999999859
268.699999999993,0.99999999999859
268.799999999993,0.99999999999859
268.899999999993,0.99999999999859
268.999999999993,0.99999999999859
269.099999999993,0.99999999999859
269.199999999993,0.99999999999859
269.299999999993,0.99999999999859
269.399999999993,0.99999999999859
269.499999999993,0.99999999999859
269.599999999993,0.99999999999859
269.699999999993,0.99999999999859
269.799999999993,0.99999999999859
269.899999999993,0.99999999999859
269.999999999993,0.99999999999859
270.099999999993,0.99999999999859
270.199999999993,0.99999999999859
270.299999999993,0.99999999999859
270.399999999993,0.99999999999859
270.499999999993,0.99999999999859
270.599999999993,0.99999999999859
270.699999999993,0.99999999999859
270.799999999993,0.99999999999859
270.899999999993,0.99999999999859
270.999999999993,0.99999999999859
271.099999999993,0.99999999999859
271.199999999993,0.99999999999859
271.299999999993,0.99999999999859
271.399999999993,0.99999999999859
271.499999999993,0.99999999999859
271.599999999993,0.99999999999859
271.699999999993,0.99999999999859
271.799999999993,0.99999999999859
271.899999999993,0.99999999999859
271.999999999993,0.99999999999859
272.099999999993,0.99999999999859
272.199999999993,0.99999999999859
272.299999999993,0.99999999999859
272.399999999993,0.99999999999859
272.499999999993,0.99999999999859
272.599999999993,0.99999999999859
272.699999999994,0.99999999999859
272.799999999994,0.99999999999859
272.899999999994,0.99999999999859
272.999999999994,0.99999999999859
273.099999999994,0.99999999999859
273.199999999994,0.99999999999859
273.299999999994,0.99999999999859
273.399999999994,0.99999999999859
273.499999999994,0.99999999999859
273.599999999994,0.99999999999859
273.699999999994,0.99999999999859
273.799999999994,0.99999999999859
273.899999999994,0.99999999999859
273.999999999994,0.99999999999859
274.099999999994,0.99999999999859
274.199999999994,0.99999999999859
274.299999999994,0.99999999999859
274.399999999994,0.99999999999859
274.499999999994,0.99999999999859
274.599999999994,0.99999999999859
274.699999999994,0.99999999999859
274.799999999994,0.99999999999859
274.899999999994,0.99999999999859
274.999999999994,0.99999999999859
275.099999999994,0.99999999999859
275.199999999994,0.99999999999859
275.299999999994,0.99999999999859
275.399999999994,0.99999999999859
275.499999999994,0.99999999999859
275.599999999994,0.99999999999859
275.699999999994,0.99999999999859
275.799999999994,0.99999999999859
275.899999999994,0.99999999999859
275.999999999994,0.99999999999859
276.099999999994,0.99999999999859
276.199999999994,0.99999999999859
276.299999999994,0.99999999999859
276.399999999994,0.99999999999859
276.499999999994,0.99999999999859
276.599999999994,0.99999999999859
276.699999999994,0.99999999999859
276.799999999994,0.99999999999859
276.899999999994,0.99999999999859
276.999999999994,0.99999999999859
277.099999999995,0.99999999999859
277.199999999995,0.99999999999859
277.299999999995,0.99999999999859
277.399999999995,0.99999999999859
277.499999999995,0.99999999999859
277.599999999995,0.99999999999859
277.699999999995,0.99999999999859
277.799999999995,0.99999999999859
277.899999999995,0.99999999999859
277.999999999995,0.99999999999859
278.099999999995,0.99999999999859
278.199999999995,0.99999999999859
278.299999999995,0.99999999999859
278.399999999995,0.99999999999859
278.499999999995,0.99999999999859
278.599999999995,0.99999999999859
278.699999999995,0.99999999999859
278.799999999995,0.99999999999859
278.899999999995,0.99999999999859
278.999999999995,0.99999999999859
279.099999999995,0.99999999999859
279.199999999995,0.99999999999859
279.299999999995,0.99999999999859
279.399999999995,0.99999999999859
279.499999999995,0.99999999999859
279.599999999995,0.99999999999859
279.699999999995,0.99999999999859
279.799999999995,0.99999999999859
279.899999999995,0.99999999999859
279.999999999995,0.99999999999859
280.099999999995,0.99999999999859
280.199999999995,0.99999999999859
280.299999999995,0.99999999999859
280.399999999995,0.99999999999859
280.499999999995,0.99999999999859
280.599999999995,0.99999999999859
280.699999999995,0.99999999999859
280.799999999995,0.99999999999859
280.899999999995,0.99999999999859
280.999999999995,0.99999999999859
281.099999999995,0.99999999999859
281.199999999995,0.99999999999859
281.299999999995,0.99999999999859
281.399999999995,0.99999999999859
281.499999999996,0.99999999999859
281.599999999996,0.99999999999859
281.699999999996,0.99999999999859
281.799999999996,0.99999999999859
281.899999999996,0.99999999999859
281.999999999996,0.99999999999859
282.099999999996,0.99999999999859
282.199999999996,0.99999999999859
282.299999999996,0.99999999999859
282.399999999996,0.99999999999859
282.499999999996,0.99999999999859
282.599999999996,0.99999999999859
282.699999999996,0.99999999999859
282.799999999996,0.99999999999859
282.899999999996,0.99999999999859
282.999999999996,0.99999999999859
283.099999999996,0.99999999999859
283.199999999996,0.99999999999859
283.299999999996,0.99999999999859
283.399999999996,0.99999999999859
283.499999999996,0.99999999999859
283.599999999996,0.99999999999859
283.699999999996,0.99999999999859
283.799999999996,0.99999999999859
283.899999999996,0.99999999999859
283.999999999996,0.99999999999859
284.099999999996,0.99999999999859
284.199999999996,0.99999999999859
284.299999999996,0.99999999999859
284.399999999996,0.99999999999859
284.499999999996,0.99999999999859
284.599999999996,0.99999999999859
284.699999999996,0.99999999999859
284.799999999996,0.99999999999859
284.899999999996,0.99999999999859
284.999999999996,0.99999999999859
285.099999999996,0.99999999999859
285.199999999996,0.99999999999859
285.299999999996,0.99999999999859
285.399999999996,0.99999999999859
285.499999999996,0.99999999999859
285.599999999996,0.99999999999859
285.699999999996,0.99999999999859
285.799999999996,0.99999999999859
285.899999999997,0.99999999999859
285.999999999997,0.99999999999859
286.099999999997,0.99999999999859
286.199999999997,0.99999999999859
286.299999999997,0.99999999999859
286.399999999997,0.99999999999859
286.499999999997,0.99999999999859
286.599999999997,0.99999999999859
286.699999999997,0.99999999999859
286.799999999997,0.99999999999859
286.899999999997,0.99999999999859
286.999999999997,0.99999999999859
287.099999999997,0.99999999999859
287.199999999997,0.99999999999859
287.299999999997,0.99999999999859
287.399999999997,0.99999999999859
287.499999999997,0.99999999999859
287.599999999997,0.99999999999859
287.699999999997,0.99999999999859
287.799999999997,0.99999999999859
287.899999999997,0.99999999999859
287.999999999997,0.99999999999859
288.099999999997,0.99999999999859
288.199999999997,0.99999999999859
288.299999999997,0.99999999999859
288.399999999997,0.99999999999859
288.499999999997,0.99999999999859
288.599999999997,0.99999999999859
288.699999999997,0.99999999999859
288.799999999997,0.99999999999859
288.899999999997,0.99999999999859
288.999999999997,0.99999999999859
289.099999999997,0.99999999999859
289.199999999997,0.99999999999859
289.299999999997,0.99999999999859
289.399999999997,0.99999999999859
289.499999999997,0.99999999999859
289.599999999997,0.99999999999859
289.699999999997,0.99999999999859
289.799999999997,0.99999999999859
289.899999999997,0.99999999999859
289.999999999997,0.99999999999859
290.099999999997,0.99999999999859
290.199999999997,0.99999999999859
290.299999999998,0.99999999999859
290.399999999998,0.99999999999859
290.499999999998,0.99999999999859
290.599999999998,0.99999999999859
290.699999999998,0.99999999999859
290.799999999998,0.99999999999859
290.899999999998,0.99999999999859
290.999999999998,0.99999999999859
291.099999999998,0.99999999999859
291.199999999998,0.99999999999859
291.299999999998,0.99999999999859
291.399999999998,0.99999999999859
291.499999999998,0.99999999999859
291.599999999998,0.99999999999859
291.699999999998,0.99999999999859
291.799999999998,0.99999999999859
291.899999999998,0.99999999999859
291.999999999998,0.99999999999859
292.099999999998,0.99999999999859
292.199999999998,0.99999999999859
292.299999999998,0.99999999999859
292.399999999998,0.99999999999859
292.499999999998,0.99999999999859
292.599999999998,0.99999999999859
292.699999999998,0.99999999999859
292.799999999998,0.99999999999859
292.899999999998,0.99999999999859
292.999999999998,0.99999999999859
293.099999999998,0.99999999999859
293.199999999998,0.99999999999859
293.299999999998,0.99999999999859
293.399999999998,0.99999999999859
293.499999999998,0.99999999999859
293.599999999998,0.99999999999859
293.699999999998,0.99999999999859
293.799999999998,0.99999999999859
293.899999999998,0.99999999999859
293.999999999998,0.99999999999859
294.099999999998,0.99999999999859
294.199999999998,0.99999999999859
294.299999999998,0.99999999999859
294.399999999998,0.99999999999859
294.499999999998,0.99999999999859
294.599999999998,0.99999999999859
294.699999999999,0.99999999999859
294.799999999999,0.99999999999859
294.899999999999,0.99999999999859
294.999999999999,0.99999999999859
295.099999999999,0.99999999999859
295.199999999999,0.99999999999859
295.299999999999,0.99999999999859
295.399999999999,0.99999999999859
295.499999999999,0.99999999999859
295.599999999999,0.99999999999859
295.699999999999,0.99999999999859
295.799999999999,0.99999999999859
295.899999999999,0.99999999999859
295.999999999999,0.99999999999859
296.099999999999,0.99999999999859
296.199999999999,0.99999999999859
296.299999999999,0.99999999999859
296.399999999999,0.99999999999859
296.499999999999,0.99999999999859
296.599999999999,0.99999999999859
296.699999999999,0.99999999999859
296.799999999999,0.99999999999859
296.899999999999,0.99999999999859
296.999999999999,0.99999999999859
297.099999999999,0.99999999999859
297.199999999999,0.99999999999859
297.299999999999,0.99999999999859
297.399999999999,0.99999999999859
297.499999999999,0.99999999999859
297.599999999999,0.99999999999859
297.699999999999,0.99999999999859
297.799999999999,0.99999999999859
297.899999999999,0.99999999999859
297.999999999999,0.99999999999859
298.099999999999,0.99999999999859
298.199999999999,0.99999999999859
298.299999999999,0.99999999999859
298.399999999999,0.99999999999859
298.499999999999,0.99999999999859
298.599999999999,0.99999999999859
298.699999999999,0.99999999999859
298.799999999999,0.99999999999859
298.899999999999,0.99999999999859
298.999999999999,0.99999999999859
299.1,0.99999999999859
299.2,0.99999999999859
299.3,0.99999999999859
299.4,0.99999999999859
299.5,0.99999999999859
299.6,0.99999999999859
299.7,0.99999999999859
299.8,0.99999999999859
299.9,0.99999999999859
300,0.99999999999859
300.1,0.99999999999859
300.2,0.99999999999859
300.3,0.99999999999859
300.4,0.99999999999859
300.5,0.99999999999859
300.6,0.99999999999859
300.7,0.99999999999859
300.8,0.99999999999859
300.9,0.99999999999859
301,0.99999999999859
301.1,0.99999999999859
301.2,0.99999999999859
301.3,0.99999999999859
301.4,0.99999999999859
301.5,0.99999999999859
301.6,0.99999999999859
301.7,0.99999999999859
301.8,0.99999999999859
301.9,0.99999999999859
302,0.99999999999859
302.1,0.99999999999859
302.2,0.99999999999859
302.3,0.99999999999859
302.4,0.99999999999859
302.5,0.99999999999859
302.6,0.99999999999859
302.7,0.99999999999859
302.8,0.99999999999859
302.9,0.99999999999859
303,0.99999999999859
303.1,0.99999999999859
303.2,0.99999999999859
303.3,0.99999999999859
303.4,0.99999999999859
303.500000000001,0.99999999999859
303.600000000001,0.99999999999859
303.700000000001,0.99999999999859
303.800000000001,0.99999999999859
303.900000000001,0.99999999999859
304.000000000001,0.99999999999859
304.100000000001,0.99999999999859
304.200000000001,0.99999999999859
304.300000000001,0.99999999999859
304.400000000001,0.99999999999859
304.500000000001,0.99999999999859
304.600000000001,0.99999999999859
304.700000000001,0.99999999999859
304.800000000001,0.99999999999859
304.900000000001,0.99999999999859
305.000000000001,0.99999999999859
305.100000000001,0.99999999999859
305.200000000001,0.99999999999859
305.300000000001,0.99999999999859
305.400000000001,0.99999999999859
305.500000000001,0.99999999999859
305.600000000001,0.99999999999859
305.700000000001,0.99999999999859
305.800000000001,0.99999999999859
305.900000000001,0.99999999999859
306.000000000001,0.99999999999859
306.100000000001,0.99999999999859
306.200000000001,0.99999999999859
306.300000000001,0.99999999999859
306.400000000001,0.99999999999859
306.500000000001,0.99999999999859
306.600000000001,0.99999999999859
306.700000000001,0.99999999999859
306.800000000001,0.99999999999859
306.900000000001,0.99999999999859
307.000000000001,0.99999999999859
307.100000000001,0.99999999999859
307.200000000001,0.99999999999859
307.300000000001,0.99999999999859
307.400000000001,0.99999999999859
307.500000000001,0.99999999999859
307.600000000001,0.99999999999859
307.700000000001,0.99999999999859
307.800000000001,0.99999999999859
307.900000000002,0.99999999999859
308.000000000002,0.99999999999859
308.100000000002,0.99999999999859
308.200000000002,0.99999999999859
308.300000000002,0.99999999999859
308.400000000002,0.99999999999859
308.500000000002,0.99999999999859
308.600000000002,0.99999999999859
308.700000000002,0.99999999999859
308.800000000002,0.99999999999859
308.900000000002,0.99999999999859
309.000000000002,0.99999999999859
309.100000000002,0.99999999999859
309.200000000002,0.99999999999859
309.300000000002,0.99999999999859
309.400000000002,0.99999999999859
309.500000000002,0.99999999999859
309.600000000002,0.99999999999859
309.700000000002,0.99999999999859
309.800000000002,0.99999999999859
309.900000000002,0.99999999999859
310.000000000002,0.99999999999859
310.100000000002,0.99999999999859
310.200000000002,0.99999999999859
310.300000000002,0.99999999999859
310.400000000002,0.99999999999859
310.500000000002,0.99999999999859
310.600000000002,0.99999999999859
310.700000000002,0.99999999999859
310.800000000002,0.99999999999859
310.900000000002,0.99999999999859
311.000000000002,0.99999999999859
311.100000000002,0.99999999999859
311.200000000002,0.99999999999859
311.300000000002,0.99999999999859
311.400000000002,0.99999999999859
311.500000000002,0.99999999999859
311.600000000002,0.99999999999859
311.700000000002,0.99999999999859
311.800000000002,0.99999999999859
311.900000000002,0.99999999999859
312.000000000002,0.99999999999859
312.100000000002,0.99999999999859
312.200000000002,0.99999999999859
312.300000000003,0.99999999999859
312.400000000003,0.99999999999859
312.500000000003,0.99999999999859
312.600000000003,0.99999999999859
312.700000000003,0.99999999999859
312.800000000003,0.99999999999859
312.900000000003,0.99999999999859
313.000000000003,0.99999999999859
313.100000000003,0.99999999999859
313.200000000003,0.99999999999859
313.300000000003,0.99999999999859
313.400000000003,0.99999999999859
313.500000000003,0.99999999999859
313.600000000003,0.99999999999859
313.700000000003,0.99999999999859
313.800000000003,0.99999999999859
313.900000000003,0.99999999999859
314.000000000003,0.99999999999859
314.100000000003,0.99999999999859
314.200000000003,0.99999999999859
314.300000000003,0.99999999999859
314.400000000003,0.99999999999859
314.500000000003,0.99999999999859
314.600000000003,0.99999999999859
314.700000000003,0.99999999999859
314.800000000003,0.99999999999859
314.900000000003,0.99999999999859
315.000000000003,0.99999999999859
315.100000000003,0.99999999999859
315.200000000003,0.99999999999859
315.300000000003,0.99999999999859
315.400000000003,0.99999999999859
315.500000000003,0.99999999999859
315.600000000003,0.99999999999859
315.700000000003,0.99999999999859
315.800000000003,0.99999999999859
315.900000000003,0.99999999999859
316.000000000003,0.99999999999859
316.100000000003,0.99999999999859
316.200000000003,0.99999999999859
316.300000000003,0.99999999999859
316.400000000003,0.99999999999859
316.500000000003,0.99999999999859
316.600000000003,0.99999999999859
316.700000000004,0.99999999999859
316.800000000004,0.99999999999859
316.900000000004,0.99999999999859
317.000000000004,0.99999999999859
317.100000000004,0.99999999999859
317.200000000004,0.99999999999859
317.300000000004,0.99999999999859
317.400000000004,0.99999999999859
317.500000000004,0.99999999999859
317.600000000004,0.99999999999859
317.700000000004,0.99999999999859
317.800000000004,0.99999999999859
317.900000000004,0.99999999999859
318.000000000004,0.99999999999859
318.100000000004,0.99999999999859
318.200000000004,0.99999999999859
318.300000000004,0.99999999999859
318.400000000004,0.99999999999859
318.500000000004,0.99999999999859
318.600000000004,0.99999999999859
318.700000000004,0.99999999999859
318.800000000004,0.99999999999859
318.900000000004,0.99999999999859
319.000000000004,0.99999999999859
319.100000000004,0.99999999999859
319.200000000004,0.99999999999859
319.300000000004,0.99999999999859
319.400000000004,0.99999999999859
319.500000000004,0.99999999999859
319.600000000004,0.99999999999859
319.700000000004,0.99999999999859
319.800000000004,0.99999999999859
319.900000000004,0.99999999999859
320.000000000004,0.99999999999859
320.100000000004,0.99999999999859
320.200000000004,0.99999999999859
320.300000000004,0.99999999999859
320.400000000004,0.99999999999859
320.500000000004,0.99999999999859
320.600000000004,0.99999999999859
320.700000000004,0.99999999999859
320.800000000004,0.99999999999859
320.900000000004,0.99999999999859
321.000000000004,0.99999999999859
321.100000000005,0.99999999999859
321.200000000005,0.99999999999859
321.300000000005,0.99999999999859
321.400000000005,0.99999999999859
321.500000000005,0.99999999999859
321.600000000005,0.99999999999859
321.700000000005,0.99999999999859
321.800000000005,0.99999999999859
321.900000000005,0.99999999999859
322.000000000005,0.99999999999859
322.100000000005,0.99999999999859
322.200000000005,0.99999999999859
322.300000000005,0.99999999999859
322.400000000005,0.99999999999859
322.500000000005,0.99999999999859
322.600000000005,0.99999999999859
322.700000000005,0.99999999999859
322.800000000005,0.99999999999859
322.900000000005,0.99999999999859
323.000000000005,0.99999999999859
323.100000000005,0.99999999999859
323.200000000005,0.99999999999859
323.300000000005,0.99999999999859
323.400000000005,0.99999999999859
323.500000000005,0.99999999999859
323.600000000005,0.99999999999859
323.700000000005,0.99999999999859
323.800000000005,0.99999999999859
323.900000000005,0.99999999999859
324.000000000005,0.99999999999859
324.100000000005,0.99999999999859
324.200000000005,0.99999999999859
324.300000000005,0.99999999999859
324.400000000005,0.99999999999859
324.500000000005,0.99999999999859
324.600000000005,0.99999999999859
324.700000000005,0.99999999999859
324.800000000005,0.99999999999859
324.900000000005,0.99999999999859
325.000000000005,0.99999999999859
325.100000000005,0.99999999999859
325.200000000005,0.99999999999859
325.300000000005,0.99999999999859
325.400000000005,0.99999999999859
325.500000000006,0.99999999999859
325.600000000006,0.99999999999859
325.700000000006,0.99999999999859
325.800000000006,0.99999999999859
325.900000000006,0.99999999999859
326.000000000006,0.99999999999859
326.100000000006,0.99999999999859
326.200000000006,0.99999999999859
326.300000000006,0.99999999999859
326.400000000006,0.99999999999859
326.500000000006,0.99999999999859
326.600000000006,0.99999999999859
326.700000000006,0.99999999999859
326.800000000006,0.99999999999859
326.900000000006,0.99999999999859
327.000000000006,0.99999999999859
327.100000000006,0.99999999999859
327.200000000006,0.99999999999859
327.300000000006,0.99999999999859
327.400000000006,0.99999999999859
327.500000000006,0.99999999999859
327.600000000006,0.99999999999859
327.700000000006,0.99999999999859
327.800000000006,0.99999999999859
327.900000000006,0.99999999999859
328.000000000006,0.99999999999859
328.100000000006,0.99999999999859
328.200000000006,0.99999999999859
328.300000000006,0.99999999999859
328.400000000006,0.99999999999859
328.500000000006,0.99999999999859
328.600000000006,0.99999999999859
328.700000000006,0.99999999999859
328.800000000006,0.99999999999859
328.900000000006,0.99999999999859
329.000000000006,0.99999999999859
329.100000000006,0.99999999999859
329.200000000006,0.99999999999859
329.300000000006,0.99999999999859
329.400000000006,0.99999999999859
329.500000000006,0.99999999999859
329.600000000006,0.99999999999859
329.700000000006,0.99999999999859
329.800000000006,0.99999999999859
329.900000000007,0.99999999999859
330.000000000007,0.99999999999859
330.100000000007,0.99999999999859
330.200000000007,0.99999999999859
330.300000000007,0.99999999999859
330.400000000007,0.99999999999859
330.500000000007,0.99999999999859
330.600000000007,0.99999999999859
330.700000000007,0.99999999999859
330.800000000007,0.99999999999859
330.900000000007,0.99999999999859
331.000000000007,0.99999999999859
331.100000000007,0.99999999999859
331.200000000007,0.99999999999859
331.300000000007,0.99999999999859
331.400000000007,0.99999999999859
331.500000000007,0.99999999999859
331.600000000007,0.99999999999859
331.700000000007,0.99999999999859
331.800000000007,0.99999999999859
331.900000000007,0.99999999999859
332.000000000007,0.99999999999859
332.100000000007,0.99999999999859
332.200000000007,0.99999999999859
332.300000000007,0.99999999999859
332.400000000007,0.99999999999859
332.500000000007,0.99999999999859
332.600000000007,0.99999999999859
332.700000000007,0.99999999999859
332.800000000007,0.99999999999859
332.900000000007,0.99999999999859
333.000000000007,0.99999999999859
333.100000000007,0.99999999999859
333.200000000007,0.99999999999859
333.300000000007,0.99999999999859
333.400000000007,0.99999999999859
333.500000000007,0.99999999999859
333.600000000007,0.99999999999859
333.700000000007,0.99999999999859
333.800000000007,0.99999999999859
333.900000000007,0.99999999999859
334.000000000007,0.99999999999859
334.100000000007,0.99999999999859
334.200000000007,0.99999999999859
334.300000000008,0.99999999999859
334.400000000008,0.99999999999859
334.500000000008,0.99999999999859
334.600000000008,0.99999999999859
334.700000000008,0.99999999999859
334.800000000008,0.99999999999859
334.900000000008,0.99999999999859
335.000000000008,0.99999999999859
335.100000000008,0.99999999999859
335.200000000008,0.99999999999859
335.300000000008,0.99999999999859
335.400000000008,0.99999999999859
335.500000000008,0.99999999999859
335.600000000008,0.99999999999859
335.700000000008,0.99999999999859
335.800000000008,0.99999999999859
335.900000000008,0.99999999999859
336.000000000008,0.99999999999859
336.100000000008,0.99999999999859
336.200000000008,0.99999999999859
336.300000000008,0.99999999999859
336.400000000008,0.99999999999859
336.500000000008,0.99999999999859
336.600000000008,0.99999999999859
336.700000000008,0.99999999999859
336.800000000008,0.99999999999859
336.900000000008,0.99999999999859
337.000000000008,0.99999999999859
337.100000000008,0.99999999999859
337.200000000008,0.99999999999859
337.300000000008,0.99999999999859
337.400000000008,0.99999999999859
337.500000000008,0.99999999999859
337.600000000008,0.99999999999859
337.700000000008,0.99999999999859
337.800000000008,0.99999999999859
337.900000000008,0.99999999999859
338.000000000008,0.99999999999859
338.100000000008,0.99999999999859
338.200000000008,0.99999999999859
338.300000000008,0.99999999999859
338.400000000008,0.99999999999859
338.500000000008,0.99999999999859
338.600000000008,0.99999999999859
338.700000000009,0.99999999999859
338.800000000009,0.99999999999859
338.900000000009,0.99999999999859
339.000000000009,0.99999999999859
339.100000000009,0.99999999999859
339.200000000009,0.99999999999859
339.300000000009,0.99999999999859
339.400000000009,0.99999999999859
339.500000000009,0.99999999999859
339.600000000009,0.99999999999859
339.700000000009,0.99999999999859
339.800000000009,0.99999999999859
339.900000000009,0.99999999999859
340.000000000009,0.99999999999859
340.100000000009,0.99999999999859
340.200000000009,0.99999999999859
340.300000000009,0.99999999999859
340.400000000009,0.99999999999859
340.500000000009,0.99999999999859
340.600000000009,0.99999999999859
340.700000000009,0.99999999999859
340.800000000009,0.99999999999859
340.900000000009,0.99999999999859
341.000000000009,0.99999999999859
341.100000000009,0.99999999999859
341.200000000009,0.99999999999859
341.300000000009,0.99999999999859
341.400000000009,0.99999999999859
341.500000000009,0.99999999999859
341.600000000009,0.99999999999859
341.700000000009,0.99999999999859
341.800000000009,0.99999999999859
341.900000000009,0.99999999999859
342.000000000009,0.99999999999859
342.100000000009,0.99999999999859
342.200000000009,0.99999999999859
342.300000000009,0.99999999999859
342.400000000009,0.99999999999859
342.500000000009,0.99999999999859
342.600000000009,0.99999999999859
342.700000000009,0.99999999999859
342.800000000009,0.99999999999859
342.900000000009,0.99999999999859
343.000000000009,0.99999999999859
343.10000000001,0.99999999999859
343.20000000001,0.99999999999859
343.30000000001,0.99999999999859
343.40000000001,0.99999999999859
343.50000000001,0.99999999999859
343.60000000001,0.99999999999859
343.70000000001,0.99999999999859
343.80000000001,0.99999999999859
343.90000000001,0.99999999999859
344.00000000001,0.99999999999859
344.10000000001,0.99999999999859
344.20000000001,0.99999999999859
344.30000000001,0.99999999999859
344.40000000001,0.99999999999859
344.50000000001,0.99999999999859
344.60000000001,0.99999999999859
344.70000000001,0.99999999999859
344.80000000001,0.99999999999859
344.90000000001,0.99999999999859
345.00000000001,0.99999999999859
345.10000000001,0.99999999999859
345.20000000001,0.99999999999859
345.30000000001,0.99999999999859
345.40000000001,0.99999999999859
345.50000000001,0.99999999999859
345.60000000001,0.99999999999859
345.70000000001,0.99999999999859
345.80000000001,0.99999999999859
345.90000000001,0.99999999999859
346.00000000001,0.99999999999859
346.10000000001,0.99999999999859
346.20000000001,0.99999999999859
346.30000000001,0.99999999999859
346.40000000001,0.99999999999859
346.50000000001,0.99999999999859
346.60000000001,0.99999999999859
346.70000000001,0.99999999999859
346.80000000001,0.99999999999859
346.90000000001,0.99999999999859
347.00000000001,0.99999999999859
347.10000000001,0.99999999999859
347.20000000001,0.99999999999859
347.30000000001,0.99999999999859
347.40000000001,0.99999999999859
347.500000000011,0.99999999999859
347.600000000011,0.99999999999859
347.700000000011,0.99999999999859
347.800000000011,0.99999999999859
347.900000000011,0.99999999999859
348.000000000011,0.99999999999859
348.100000000011,0.99999999999859
348.200000000011,0.99999999999859
348.300000000011,0.99999999999859
348.400000000011,0.99999999999859
348.500000000011,0.99999999999859
348.600000000011,0.99999999999859
348.700000000011,0.99999999999859
348.800000000011,0.99999999999859
348.900000000011,0.99999999999859
349.000000000011,0.99999999999859
349.100000000011,0.99999999999859
349.200000000011,0.99999999999859
349.300000000011,0.99999999999859
349.400000000011,0.99999999999859
349.500000000011,0.99999999999859
349.600000000011,0.99999999999859
349.700000000011,0.99999999999859
349.800000000011,0.99999999999859
349.900000000011,0.99999999999859
350.000000000011,0.99999999999859
350.100000000011,0.99999999999859
350.200000000011,0.99999999999859
350.300000000011,0.99999999999859
350.400000000011,0.99999999999859
350.500000000011,0.99999999999859
350.600000000011,0.99999999999859
350.700000000011,0.99999999999859
350.800000000011,0.99999999999859
350.900000000011,0.99999999999859
351.000000000011,0.99999999999859
351.100000000011,0.99999999999859
351.200000000011,0.99999999999859
351.300000000011,0.99999999999859
351.400000000011,0.99999999999859
351.500000000011,0.99999999999859
351.600000000011,0.99999999999859
351.700000000011,0.99999999999859
351.800000000011,0.99999999999859
351.900000000012,0.99999999999859
352.000000000012,0.99999999999859
352.100000000012,0.99999999999859
352.200000000012,0.99999999999859
352.300000000012,0.99999999999859
352.400000000012,0.99999999999859
352.500000000012,0.99999999999859
352.600000000012,0.99999999999859
352.700000000012,0.99999999999859
352.800000000012,0.99999999999859
352.900000000012,0.99999999999859
353.000000000012,0.99999999999859
353.100000000012,0.99999999999859
353.200000000012,0.99999999999859
353.300000000012,0.99999999999859
353.400000000012,0.99999999999859
353.500000000012,0.99999999999859
353.600000000012,0.99999999999859
353.700000000012,0.99999999999859
353.800000000012,0.99999999999859
353.900000000012,0.99999999999859
354.000000000012,0.99999999999859
354.100000000012,0.99999999999859
354.200000000012,0.99999999999859
354.300000000012,0.99999999999859
354.400000000012,0.99999999999859
354.500000000012,0.99999999999859
354.600000000012,0.99999999999859
354.700000000012,0.99999999999859
354.800000000012,0.99999999999859
354.900000000012,0.99999999999859
355.000000000012,0.99999999999859
355.100000000012,0.99999999999859
355.200000000012,0.99999999999859
355.300000000012,0.99999999999859
355.400000000012,0.99999999999859
355.500000000012,0.99999999999859
355.600000000012,0.99999999999859
355.700000000012,0.99999999999859
355.800000000012,0.99999999999859
355.900000000012,0.99999999999859
356.000000000012,0.99999999999859
356.100000000012,0.99999999999859
356.200000000012,0.99999999999859
356.300000000013,0.99999999999859
356.400000000013,0.99999999999859
356.500000000013,0.99999999999859
356.600000000013,0.99999999999859
356.700000000013,0.99999999999859
356.800000000013,0.99999999999859
356.900000000013,0.99999999999859
357.000000000013,0.99999999999859
357.100000000013,0.99999999999859
357.200000000013,0.99999999999859
357.300000000013,0.99999999999859
357.400000000013,0.99999999999859
357.500000000013,0.99999999999859
357.600000000013,0.99999999999859
357.700000000013,0.99999999999859
357.800000000013,0.99999999999859
357.900000000013,0.99999999999859
358.000000000013,0.99999999999859
358.100000000013,0.99999999999859
358.200000000013,0.99999999999859
358.300000000013,0.99999999999859
358.400000000013,0.99999999999859
358.500000000013,0.99999999999859
358.600000000013,0.99999999999859
358.700000000013,0.99999999999859
358.800000000013,0.99999999999859
358.900000000013,0.99999999999859
359.000000000013,0.99999999999859
359.100000000013,0.99999999999859
359.200000000013,0.99999999999859
359.300000000013,0.99999999999859
359.400000000013,0.99999999999859
359.500000000013,0.99999999999859
359.600000000013,0.99999999999859
359.700000000013,0.99999999999859
359.800000000013,0.99999999999859
359.900000000013,0.99999999999859
360.000000000013,0.99999999999859
360.100000000013,0.99999999999859
360.200000000013,0.99999999999859
360.300000000013,0.99999999999859
360.400000000013,0.99999999999859
360.500000000013,0.99999999999859
360.600000000013,0.99999999999859
360.700000000014,0.99999999999859
360.800000000014,0.99999999999859
360.900000000014,0.99999999999859
361.000000000014,0.99999999999859
361.100000000014,0.99999999999859
361.200000000014,0.99999999999859
361.300000000014,0.99999999999859
361.400000000014,0.99999999999859
361.500000000014,0.99999999999859
361.600000000014,0.99999999999859
361.700000000014,0.99999999999859
361.800000000014,0.99999999999859
361.900000000014,0.99999999999859
362.000000000014,0.99999999999859
362.100000000014,0.99999999999859
362.200000000014,0.99999999999859
362.300000000014,0.99999999999859
362.400000000014,0.99999999999859
362.500000000014,0.99999999999859
362.600000000014,0.99999999999859
362.700000000014,0.99999999999859
362.800000000014,0.99999999999859
362.900000000014,0.99999999999859
363.000000000014,0.99999999999859
363.100000000014,0.99999999999859
363.200000000014,0.99999999999859
363.300000000014,0.99999999999859
363.400000000014,0.99999999999859
363.500000000014,0.99999999999859
363.600000000014,0.99999999999859
363.700000000014,0.99999999999859
363.800000000014,0.99999999999859
363.900000000014,0.99999999999859
364.000000000014,0.99999999999859
364.100000000014,0.99999999999859
364.200000000014,0.99999999999859
364.300000000014,0.99999999999859
364.400000000014,0.99999999999859
364.500000000014,0.99999999999859
364.600000000014,0.99999999999859
364.700000000014,0.99999999999859
364.800000000014,0.99999999999859
364.900000000014,0.99999999999859
365.000000000014,0.99999999999859
365.100000000015,0.99999999999859
365.200000000015,0.99999999999859
365.300000000015,0.99999999999859
365.400000000015,0.99999999999859
365.500000000015,0.99999999999859
365.600000000015,0.99999999999859
365.700000000015,0.99999999999859
365.800000000015,0.99999999999859
365.900000000015,0.99999999999859
366.000000000015,0.99999999999859
366.100000000015,0.99999999999859
366.200000000015,0.99999999999859
366.300000000015,0.99999999999859
366.400000000015,0.99999999999859
366.500000000015,0.99999999999859
366.600000000015,0.99999999999859
366.700000000015,0.99999999999859
366.800000000015,0.99999999999859
366.900000000015,0.99999999999859
367.000000000015,0.99999999999859
367.100000000015,0.99999999999859
367.200000000015,0.99999999999859
367.300000000015,0.99999999999859
367.400000000015,0.99999999999859
367.500000000015,0.99999999999859
367.600000000015,0.99999999999859
367.700000000015,0.99999999999859
367.800000000015,0.99999999999859
367.900000000015,0.99999999999859
368.000000000015,0.99999999999859
368.100000000015,0.99999999999859
368.200000000015,0.99999999999859
368.300000000015,0.99999999999859
368.400000000015,0.99999999999859
368.500000000015,0.99999999999859
368.600000000015,0.99999999999859
368.700000000015,0.99999999999859
368.800000000015,0.99999999999859
368.900000000015,0.99999999999859
369.000000000015,0.99999999999859
369.100000000015,0.99999999999859
369.200000000015,0.99999999999859
369.300000000015,0.99999999999859
369.400000000015,0.99999999999859
369.500000000016,0.99999999999859
369.600000000016,0.99999999999859
369.700000000016,0.99999999999859
369.800000000016,0.99999999999859
369.900000000016,0.99999999999859
370.000000000016,0.99999999999859
370.100000000016,0.99999999999859
370.200000000016,0.99999999999859
370.300000000016,0.99999999999859
370.400000000016,0.99999999999859
370.500000000016,0.99999999999859
370.600000000016,0.99999999999859
370.700000000016,0.99999999999859
370.800000000016,0.99999999999859
370.900000000016,0.99999999999859
371.000000000016,0.99999999999859
371.100000000016,0.99999999999859
371.200000000016,0.99999999999859
371.300000000016,0.99999999999859
371.400000000016,0.99999999999859
371.500000000016,0.99999999999859
371.600000000016,0.99999999999859
371.700000000016,0.99999999999859
371.800000000016,0.99999999999859
371.900000000016,0.99999999999859
372.000000000016,0.99999999999859
372.100000000016,0.99999999999859
372.200000000016,0.99999999999859
372.300000000016,0.99999999999859
372.400000000016,0.99999999999859
372.500000000016,0.99999999999859
372.600000000016,0.99999999999859
372.700000000016,0.99999999999859
372.800000000016,0.99999999999859
372.900000000016,0.99999999999859
373.000000000016,0.99999999999859
373.100000000016,0.99999999999859
373.200000000016,0.99999999999859
373.300000000016,0.99999999999859
373.400000000016,0.99999999999859
373.500000000016,0.99999999999859
373.600000000016,0.99999999999859
373.700000000016,0.99999999999859
373.800000000016,0.99999999999859
373.900000000017,0.99999999999859
374.000000000017,0.99999999999859
374.100000000017,0.99999999999859
374.200000000017,0.99999999999859
374.300000000017,0.99999999999859
374.400000000017,0.99999999999859
374.500000000017,0.99999999999859
374.600000000017,0.99999999999859
374.700000000017,0.99999999999859
374.800000000017,0.99999999999859
374.900000000017,0.99999999999859
375.000000000017,0.99999999999859
375.100000000017,0.99999999999859
375.200000000017,0.99999999999859
375.300000000017,0.99999999999859
375.400000000017,0.99999999999859
375.500000000017,0.99999999999859
375.600000000017,0.99999999999859
375.700000000017,0.99999999999859
375.800000000017,0.99999999999859
375.900000000017,0.99999999999859
376.000000000017,0.99999999999859
376.100000000017,0.99999999999859
376.200000000017,0.99999999999859
376.300000000017,0.99999999999859
376.400000000017,0.99999999999859
376.500000000017,0.99999999999859
376.600000000017,0.99999999999859
376.700000000017,0.99999999999859
376.800000000017,0.99999999999859
376.900000000017,0.99999999999859
377.000000000017,0.99999999999859
377.100000000017,0.99999999999859
377.200000000017,0.99999999999859
377.300000000017,0.99999999999859
377.400000000017,0.99999999999859
377.500000000017,0.99999999999859
377.600000000017,0.99999999999859
377.700000000017,0.99999999999859
377.800000000017,0.99999999999859
377.900000000017,0.99999999999859
378.000000000017,0.99999999999859
378.100000000017,0.99999999999859
378.200000000017,0.99999999999859
378.300000000018,0.99999999999859
378.400000000018,0.99999999999859
378.500000000018,0.99999999999859
378.600000000018,0.99999999999859
378.700000000018,0.99999999999859
378.800000000018,0.99999999999859
378.900000000018,0.99999999999859
379.000000000018,0.99999999999859
379.100000000018,0.99999999999859
379.200000000018,0.99999999999859
379.300000000018,0.99999999999859
379.400000000018,0.99999999999859
379.500000000018,0.99999999999859
379.600000000018,0.99999999999859
379.700000000018,0.99999999999859
379.800000000018,0.99999999999859
379.900000000018,0.99999999999859
380.000000000018,0.99999999999859
380.100000000018,0.99999999999859
380.200000000018,0.99999999999859
380.300000000018,0.99999999999859
380.400000000018,0.99999999999859
380.500000000018,0.99999999999859
380.600000000018,0.99999999999859
380.700000000018,0.99999999999859
380.800000000018,0.99999999999859
380.900000000018,0.99999999999859
381.000000000018,0.99999999999859
381.100000000018,0.99999999999859
381.200000000018,0.99999999999859
381.300000000018,0.99999999999859
381.400000000018,0.99999999999859
381.500000000018,0.99999999999859
381.600000000018,0.99999999999859
381.700000000018,0.99999999999859
381.800000000018,0.99999999999859
381.900000000018,0.99999999999859
382.000000000018,0.99999999999859
382.100000000018,0.99999999999859
382.200000000018,0.99999999999859
382.300000000018,0.99999999999859
382.400000000018,0.99999999999859
382.500000000018,0.99999999999859
382.600000000018,0.99999999999859
382.700000000019,0.99999999999859
382.800000000019,0.99999999999859
382.900000000019,0.99999999999859
383.000000000019,0.99999999999859
383.100000000019,0.99999999999859
383.200000000019,0.99999999999859
383.300000000019,0.99999999999859
383.400000000019,0.99999999999859
383.500000000019,0.99999999999859
383.600000000019,0.99999999999859
383.700000000019,0.99999999999859
383.800000000019,0.99999999999859
383.900000000019,0.99999999999859
384.000000000019,0.99999999999859
384.100000000019,0.99999999999859
384.200000000019,0.99999999999859
384.300000000019,0.99999999999859
384.400000000019,0.99999999999859
384.500000000019,0.99999999999859
384.600000000019,0.99999999999859
384.700000000019,0.99999999999859
384.800000000019,0.99999999999859
384.900000000019,0.99999999999859
385.000000000019,0.99999999999859
385.100000000019,0.99999999999859
385.200000000019,0.99999999999859
385.300000000019,0.99999999999859
385.400000000019,0.99999999999859
385.500000000019,0.99999999999859
385.600000000019,0.99999999999859
385.700000000019,0.99999999999859
385.800000000019,0.99999999999859
385.900000000019,0.99999999999859
386.000000000019,0.99999999999859
386.100000000019,0.99999999999859
386.200000000019,0.99999999999859
386.300000000019,0.99999999999859
386.400000000019,0.99999999999859
386.500000000019,0.99999999999859
386.600000000019,0.99999999999859
386.700000000019,0.99999999999859
386.800000000019,0.99999999999859
386.900000000019,0.99999999999859
387.000000000019,0.99999999999859
387.10000000002,0.99999999999859
387.20000000002,0.99999999999859
387.30000000002,0.99999999999859
387.40000000002,0.99999999999859
387.50000000002,0.99999999999859
387.60000000002,0.99999999999859
387.70000000002,0.99999999999859
387.80000000002,0.99999999999859
387.90000000002,0.99999999999859
388.00000000002,0.99999999999859
388.10000000002,0.99999999999859
388.20000000002,0.99999999999859
388.30000000002,0.99999999999859
388.40000000002,0.99999999999859
388.50000000002,0.99999999999859
388.60000000002,0.99999999999859
388.70000000002,0.99999999999859
388.80000000002,0.99999999999859
388.90000000002,0.99999999999859
389.00000000002,0.99999999999859
389.10000000002,0.99999999999859
389.20000000002,0.99999999999859
389.30000000002,0.99999999999859
389.40000000002,0.99999999999859
389.50000000002,0.99999999999859
389.60000000002,0.99999999999859
389.70000000002,0.99999999999859
389.80000000002,0.99999999999859
389.90000000002,0.99999999999859
390.00000000002,0.99999999999859
390.10000000002,0.99999999999859
390.20000000002,0.99999999999859
390.30000000002,0.99999999999859
390.40000000002,0.99999999999859
390.50000000002,0.99999999999859
390.60000000002,0.99999999999859
390.70000000002,0.99999999999859
390.80000000002,0.99999999999859
390.90000000002,0.99999999999859
391.00000000002,0.99999999999859
391.10000000002,0.99999999999859
391.20000000002,0.99999999999859
391.30000000002,0.99999999999859
391.40000000002,0.99999999999859
391.500000000021,0.99999999999859
391.600000000021,0.99999999999859
391.700000000021,0.99999999999859
391.800000000021,0.99999999999859
391.900000000021,0.99999999999859
392.000000000021,0.99999999999859
392.100000000021,0.99999999999859
392.200000000021,0.99999999999859
392.300000000021,0.99999999999859
392.400000000021,0.99999999999859
392.500000000021,0.99999999999859
392.600000000021,0.99999999999859
392.700000000021,0.99999999999859
392.800000000021,0.99999999999859
392.900000000021,0.99999999999859
393.000000000021,0.99999999999859
393.100000000021,0.99999999999859
393.200000000021,0.99999999999859
393.300000000021,0.99999999999859
393.400000000021,0.99999999999859
393.500000000021,0.99999999999859
393.600000000021,0.99999999999859
393.700000000021,0.99999999999859
393.800000000021,0.99999999999859
393.900000000021,0.99999999999859
394.000000000021,0.99999999999859
394.100000000021,0.99999999999859
394.200000000021,0.99999999999859
394.300000000021,0.99999999999859
394.400000000021,0.99999999999859
394.500000000021,0.99999999999859
394.600000000021,0.99999999999859
394.700000000021,0.99999999999859
394.800000000021,0.99999999999859
394.900000000021,0.99999999999859
395.000000000021,0.99999999999859
395.100000000021,0.99999999999859
395.200000000021,0.99999999999859
395.300000000021,0.99999999999859
395.400000000021,0.99999999999859
395.500000000021,0.99999999999859
395.600000000021,0.99999999999859
395.700000000021,0.99999999999859
395.800000000021,0.99999999999859
395.900000000022,0.99999999999859
396.000000000022,0.99999999999859
396.100000000022,0.99999999999859
396.200000000022,0.99999999999859
396.300000000022,0.99999999999859
396.400000000022,0.99999999999859
396.500000000022,0.99999999999859
396.600000000022,0.99999999999859
396.700000000022,0.99999999999859
396.800000000022,0.99999999999859
396.900000000022,0.99999999999859
397.000000000022,0.99999999999859
397.100000000022,0.99999999999859
397.200000000022,0.99999999999859
397.300000000022,0.99999999999859
397.400000000022,0.99999999999859
397.500000000022,0.99999999999859
397.600000000022,0.99999999999859
397.700000000022,0.99999999999859
397.800000000022,0.99999999999859
397.900000000022,0.99999999999859
398.000000000022,0.99999999999859
398.100000000022,0.99999999999859
398.200000000022,0.99999999999859
398.300000000022,0.99999999999859
398.400000000022,0.99999999999859
398.500000000022,0.99999999999859
398.600000000022,0.99999999999859
398.700000000022,0.99999999999859
398.800000000022,0.99999999999859
398.900000000022,0.99999999999859
399.000000000022,0.99999999999859
399.100000000022,0.99999999999859
399.200000000022,0.99999999999859
399.300000000022,0.99999999999859
399.400000000022,0.99999999999859
399.500000000022,0.99999999999859
399.600000000022,0.99999999999859
399.700000000022,0.99999999999859
399.800000000022,0.99999999999859
399.900000000022,0.99999999999859
400.000000000022,0.99999999999859
