0,0
0.1,2.6066173973957e-27
0.2,9.72208044905278e-23
0.3,4.33831725014725e-20
0.4,3.21459192493407e-18
0.5,9.01984875815258e-17
0.6,1.37294363320424e-15
0.7,1.36793554089631e-14
0.8,9.96991695825291e-14
0.9,5.71038807541039e-13
1,2.70004113954518e-12
1.1,1.09190143285844e-11
1.2,3.87758098804433e-11
1.3,1.23389572848492e-10
1.4,3.57447821580044e-10
1.5,9.54671875422531e-10
1.6,2.37496704220448e-09
1.7,5.54992684089976e-09
1.8,1.22685574593625e-08
1.9,2.58073021506986e-08
2,5.19175241662449e-08
2.1,1.00316890166494e-07
2.2,1.86867369820529e-07
2.3,3.36660071932956e-07
2.4,5.88263628597485e-07
2.5,9.9942569814191e-07
2.6,1.6545435446081e-06
2.7,2.67423668518729e-06
2.8,4.22735955167723e-06
2.9,6.54578261219558e-06
3,9.94224459910943e-06
3.1,1.48315352223216e-05
3.2,2.17552066387103e-05
3.3,3.14099334800089e-05
3.4,4.46795467662001e-05
3.5,6.26706587416695e-05
3.6,8.67516765181355e-05
3.7,0.000118594875982685
3.8,0.000160221077810426
3.9,0.000214046339003065
4,0.000282929950679007
4.1,0.000370222920327992
4.2,0.000479816018631659
4.3,0.000616186391047913
4.4,0.000784441675914106
4.5,0.000990360536421448
4.6,0.0012404285052716
4.7,0.00154186805915432
4.8,0.00190266188555755
4.9,0.00233156837619219
5,0.00283812847805565
5.1,0.00343266315272962
5.2,0.0041262608341404
5.3,0.00493075443141475
5.4,0.00585868759294685
5.5,0.0069232701263749
5.6,0.00813832265271894
5.7,0.00951821075728625
5.8,0.0110777690810272
5.9,0.0128322159699293
5.99999999999999,0.0147970594631631
6.09999999999999,0.0169879955498031
6.19999999999999,0.0194207997562241
6.29999999999999,0.022111213239394
6.39999999999999,0.0250748246534224
6.49999999999999,0.0283269491265988
6.59999999999999,0.031882505732993
6.69999999999999,0.0357558948662605
6.79999999999999,0.0399608769238422
6.89999999999999,0.0445104536879733
6.99999999999999,0.0494167537469594
7.09999999999999,0.0546909232375002
7.19999999999999,0.060343023108261
7.29999999999999,0.0663819340084417
7.39999999999999,0.0728152697950098
7.49999999999999,0.0796493005309287
7.59999999999999,0.0868888857165551
7.69999999999999,0.0945374183598818
7.79999999999999,0.102596780350893
7.89999999999999,0.111067309463346
7.99999999999999,0.119947778166045
8.09999999999999,0.129235384287244
8.19999999999999,0.138925753442089
8.29999999999999,0.149012953005781
8.39999999999999,0.159489517295854
8.49999999999999,0.170346483516936
8.59999999999999,0.181573437921629
8.69999999999999,0.193158571552571
8.79999999999998,0.205088744853851
8.89999999999998,0.217349560375148
8.99999999999998,0.229925442739465
9.09999999999998,0.242799725004997
9.19999999999998,0.255954740523379
9.29999999999998,0.269371919379912
9.39999999999998,0.283031888495845
9.49999999999998,0.296914574477773
9.59999999999998,0.310999308313944
9.69999999999998,0.32526493104097
9.79999999999998,0.339689899536202
9.89999999999998,0.354252391629945
9.99999999999998,0.368930409776784
10.1,0.383701882575698
10.2,0.398544763483261
10.3,0.413437126122262
10.4,0.428357255648561
10.5,0.443283735701078
10.6,0.458195530522659
10.7,0.47307206190248
10.8,0.487893280652844
10.9,0.50263973239419
11,0.517292617481153
11.1,0.531833844959269
11.2,0.546246080495826
11.3,0.560512788279185
11.4,0.574618266928246
11.5,0.588547679497508
11.6,0.602287077703064
11.7,0.6158234205309
11.8,0.629144587420912
11.9,0.642239386248102
12,0.655097556346603
12.1,0.667709766842412
12.2,0.680067610577328
12.3,0.692163593919501
12.4,0.70399112276559
12.5,0.715544485045804
12.6,0.726818830046441
12.7,0.737810144864977
12.8,0.748515228310762
12.9,0.75893166255989
13,0.769057782866374
13.1,0.778892645623344
13.2,0.788435995058023
13.3,0.797688228832813
13.4,0.806650362812288
13.5,0.815323995242303
13.6,0.823711270573162
13.7,0.831814843143872
13.8,0.839637840929233
13.9,0.847183829535992
14,0.854456776618659
14.1,0.861461016870055
14.2,0.868201217726227
14.3,0.874682345910305
14.4,0.880909634925136
14.5,0.886888553590252
14.6,0.892624775705042
14.7,0.898124150906843
14.8,0.903392676780208
14.9,0.908436472261778
15,0.913261752374141
15.1,0.917874804311676
15.2,0.922281964891772
15.3,0.926489599375979
15.4,0.930504081657479
15.5,0.934331775803918
15.6,0.937979018937981
15.7,0.941452105432089
15.8,0.944757272388371
15.9,0.947900686370401
16,0.950888431349208
16.1,0.953726497822651
16.2,0.956420773064415
16.3,0.958977032456572
16.4,0.961400931857817
16.5,0.963698000958145
16.6,0.965873637569781
16.7,0.967933102803653
16.8,0.969881517080466
16.9,0.971723856925615
17,0.973464952497551
17.1,0.975109485799936
17.2,0.97666198952878
17.3,0.978126846506923
17.4,0.979508289659447
17.5,0.980810402485079
17.6,0.982037119980173
17.7,0.983192229973515
17.8,0.984279374831945
17.9,0.985302053498572
18,0.986263623827188
18.1,0.987167305178391
18.2,0.988016181244762
18.3,0.988813203074347
18.4,0.989561192263562
18.5,0.990262844292477
18.6,0.990920731977241
18.7,0.991537309016215
18.8,0.992114913608067
18.9,0.992655772121801
19,0.993162002800265
19.1,0.993635619480294
19.2,0.994078535314095
19.3,0.994492566477921
19.4,0.994879435855468
19.5,0.995240776684671
19.6,0.99557813615784
19.7,0.995892978966217
19.8,0.996186690781096
19.9,0.996460581664711
20,0.996715889404989
20.1,0.996953782769205
20.2,0.997175364672349
20.3,0.997381675256812
20.4,0.997573694880667
20.5,0.99775234701249
20.6,0.997918501031231
20.7,0.998072974930207
20.8,0.998216537924746
20.9,0.998349912963475
21,0.998473779143634
21.1,0.99858877403114
21.2,0.998695495886454
21.3,0.998794505797574
21.4,0.998886329721721
21.5,0.998971460437493
21.6,0.999050359409447
21.7,0.999123458567224
21.8,0.999191162001444
21.9,0.999253847578738
22,0.999311868478313
22.1,0.999365554652572
22.2,0.999415214214303
22.3,0.999461134753013
22.4,0.999503584582985
22.5,0.99954281392565
22.6000000000001,0.999579056028831
22.7000000000001,0.99961252822543
22.8000000000001,0.999643432934075
22.9000000000001,0.999671958604218
23.0000000000001,0.999698280608125
23.1000000000001,0.999722562082161
23.2000000000001,0.999744954719697
23.3000000000001,0.999765599517934
23.4000000000001,0.999784627480851
23.5000000000001,0.999802160280436
23.6000000000001,0.999818310878281
23.7000000000001,0.999833184109564
23.8000000000001,0.999846877231349
23.9000000000001,0.999859480437096
24.0000000000001,0.999871077339173
24.1000000000001,0.999881745421098
24.2000000000001,0.999891556461187
24.3000000000001,0.999900576929186
24.4000000000001,0.999908868357411
24.5000000000001,0.999916487687856
24.6000000000001,0.999923487596648
24.7000000000001,0.999929916797179
24.8000000000001,0.999935820323172
24.9000000000001,0.99994123979287
25.0000000000001,0.999946213655503
25.1000000000001,0.999950777421096
25.2000000000001,0.999954963874649
25.3000000000001,0.999958803275665
25.4000000000001,0.999962323543925
25.5000000000001,0.99996555043241
25.6000000000001,0.999968507688149
25.7000000000001,0.999971217201811
25.8000000000001,0.999973699146736
25.9000000000001,0.999975972108114
26.0000000000001,0.999978053202955
26.1000000000001,0.999979958191459
26.2000000000001,0.999981701580361
26.3000000000001,0.999983296718793
26.4000000000001,0.999984755887166
26.5000000000001,0.999986090379551
26.6000000000001,0.999987310580004
26.7000000000001,0.999988426033254
26.8000000000001,0.99998944551014
26.9000000000001,0.999990377068177
27.0000000000001,0.999991228107579
27.1000000000001,0.999992005423071
27.2000000000001,0.999992715251784
27.3000000000001,0.999993363317519
27.4000000000001,0.999993954871632
27.5000000000001,0.999994494730791
27.6000000000001,0.999994987311842
27.7000000000001,0.999995436663966
27.8000000000001,0.999995846498364
27.9000000000001,0.999996220215621
28.0000000000001,0.999996560930938
28.1000000000001,0.999996871497391
28.2000000000001,0.999997154527352
28.3000000000001,0.999997412412226
28.4000000000001,0.999997647340622
28.5000000000001,0.99999786131508
28.6000000000001,0.999998056167461
28.7000000000001,0.999998233573105
28.8000000000001,0.999998395063859
28.9000000000001,0.999998542040043
29.0000000000001,0.999998675781456
29.1000000000001,0.999998797457487
29.2000000000001,0.999998908136405
29.3000000000001,0.999999008793885
29.4000000000001,0.999999100320841
29.5000000000001,0.999999183530615
29.6000000000002,0.999999259165567
29.7000000000002,0.99999932790313
29.8000000000002,0.999999390361355
29.9000000000002,0.999999447103999
30.0000000000002,0.999999498645188
30.1000000000002,0.999999545453688
30.2000000000002,0.999999587956821
30.3000000000002,0.999999626544049
30.4000000000002,0.999999661570257
30.5000000000002,0.999999693358757
30.6000000000002,0.999999722204041
30.7000000000002,0.999999748374295
30.8000000000002,0.999999772113701
30.9000000000002,0.999999793644542
31.0000000000002,0.999999813169131
31.1000000000002,0.999999830871564
31.2000000000002,0.999999846919332
31.3000000000002,0.999999861464789
31.4000000000002,0.999999874646496
31.5000000000002,0.999999886590441
31.6000000000002,0.999999897411167
31.7000000000002,0.999999907212785
31.8000000000002,0.99999991608991
31.9000000000002,0.999999924128514
32.0000000000002,0.999999931406695
32.1000000000002,0.999999937995395
32.2000000000002,0.999999943959033
32.3000000000002,0.999999949356106
32.4000000000002,0.999999954239716
32.5000000000002,0.999999958658061
32.6000000000002,0.999999962654883
32.7000000000002,0.999999966269871
32.8000000000002,0.999999969539032
32.9000000000002,0.999999972495023
33.0000000000002,0.999999975167464
33.1000000000002,0.999999977583212
33.2000000000002,0.999999979766613
33.3000000000002,0.99999998173974
33.4000000000002,0.999999983522593
33.5000000000002,0.999999985133299
33.6000000000002,0.999999986588279
33.7000000000002,0.99999998790241
33.8000000000002,0.999999989089164
33.9000000000002,0.999999990160744
34.0000000000002,0.999999991128196
34.1000000000002,0.999999992001523
34.2000000000002,0.999999992789778
34.3000000000002,0.999999993501153
34.4000000000002,0.999999994143062
34.5000000000002,0.999999994722214
34.6000000000002,0.999999995244675
34.7000000000002,0.999999995715935
34.8000000000002,0.999999996140956
34.9000000000002,0.999999996524227
35.0000000000002,0.999999996869804
35.1000000000002,0.999999997181356
35.2000000000002,0.999999997462198
35.3000000000002,0.999999997715324
35.4000000000002,0.999999997943443
35.5000000000002,0.999999998148999
35.6000000000002,0.999999998334201
35.7000000000002,0.999999998501044
35.8000000000002,0.99999999865133
35.9000000000002,0.999999998786686
36.0000000000002,0.99999999890858
36.1000000000002,0.999999999018338
36.2000000000002,0.999999999117157
36.3000000000002,0.999999999206117
36.4000000000002,0.999999999286191
36.5000000000002,0.999999999358259
36.6000000000003,0.999999999423114
36.7000000000003,0.999999999481471
36.8000000000003,0.999999999533975
36.9000000000003,0.999999999581207
37.0000000000003,0.999999999623693
37.1000000000003,0.999999999661905
37.2000000000003,0.999999999696268
37.3000000000003,0.999999999727168
37.4000000000003,0.99999999975495
37.5000000000003,0.999999999779925
37.6000000000003,0.999999999802376
37.7000000000003,0.999999999822555
37.8000000000003,0.99999999984069
37.9000000000003,0.999999999856986
38.0000000000003,0.999999999871628
38.1000000000003,0.999999999884782
38.2000000000003,0.999999999896599
38.3000000000003,0.999999999907214
38.4000000000003,0.999999999916747
38.5000000000003,0.999999999925308
38.6000000000003,0.999999999932995
38.7000000000003,0.999999999939897
38.8000000000003,0.999999999946093
38.9000000000003,0.999999999951656
39.0000000000003,0.999999999956648
39.1000000000003,0.999999999961129
39.2000000000003,0.99999999996515
39.3000000000003,0.999999999968757
39.4000000000003,0.999999999971995
39.5000000000003,0.999999999974899
39.6000000000003,0.999999999977504
39.7000000000003,0.99999999997984
39.8000000000003,0.999999999981936
39.9000000000003,0.999999999983815
40.0000000000003,0.9999999999855
40.1000000000003,0.999999999987011
40.2000000000003,0.999999999988365
40.3000000000003,0.999999999989579
40.4000000000003,0.999999999990668
40.5000000000003,0.999999999991643
40.6000000000003,0.999999999992517
40.7000000000003,0.999999999993301
40.8000000000003,0.999999999994002
40.9000000000003,0.999999999994631
41.0000000000003,0.999999999995195
41.1000000000003,0.999999999995699
41.2000000000003,0.999999999996151
41.3000000000003,0.999999999996556
41.4000000000003,0.999999999996918
41.5000000000003,0.999999999997243
41.6000000000003,0.999999999997534
41.7000000000003,0.999999999997794
41.8000000000003,0.999999999998027
41.9000000000003,0.999999999998235
42.0000000000003,0.999999999998422
42.1000000000003,0.999999999998589
42.2000000000003,0.999999999998738
42.3000000000003,0.999999999998872
42.4000000000003,0.999999999998991
42.5000000000003,0.999999999999098
42.6000000000003,0.999999999999194
42.7000000000003,0.99999999999928
42.8000000000003,0.999999999999356
42.9000000000003,0.999999999999425
43.0000000000003,0.999999999999486
43.1000000000003,0.999999999999541
43.2000000000003,0.99999999999959
43.3000000000003,0.999999999999634
43.4000000000003,0.999999999999673
43.5000000000003,0.999999999999708
43.6000000000003,0.999999999999739
43.7000000000004,0.999999999999767
43.8000000000004,0.999999999999792
43.9000000000004,0.999999999999814
44.0000000000004,0.999999999999834
44.1000000000004,0.999999999999852
44.2000000000004,0.999999999999868
44.3000000000004,0.999999999999882
44.4000000000004,0.999999999999895
44.5000000000004,0.999999999999906
44.6000000000004,0.999999999999916
44.7000000000004,0.999999999999925
44.8000000000004,0.999999999999933
44.9000000000004,0.999999999999941
45.0000000000004,0.999999999999947
45.1000000000004,0.999999999999953
45.2000000000004,0.999999999999958
45.3000000000004,0.999999999999963
45.4000000000004,0.999999999999967
45.5000000000004,0.99999999999997
45.6000000000004,0.999999999999974
45.7000000000004,0.999999999999976
45.8000000000004,0.999999999999979
45.9000000000004,0.999999999999981
46.0000000000004,0.999999999999983
46.1000000000004,0.999999999999985
46.2000000000004,0.999999999999987
46.3000000000004,0.999999999999988
46.4000000000004,0.99999999999999
46.5000000000004,0.999999999999991
46.6000000000004,0.999999999999992
46.7000000000004,0.999999999999993
46.8000000000004,0.999999999999994
46.9000000000004,0.999999999999994
47.0000000000004,0.999999999999995
47.1000000000004,0.999999999999996
47.2000000000004,0.999999999999996
47.3000000000004,0.999999999999997
47.4000000000004,0.999999999999997
47.5000000000004,0.999999999999997
47.6000000000004,0.999999999999998
47.7000000000004,0.999999999999998
47.8000000000004,0.999999999999998
47.9000000000004,0.999999999999999
48.0000000000004,0.999999999999999
48.1000000000004,0.999999999999999
48.2000000000004,0.999999999999999
48.3000000000004,0.999999999999999
48.4000000000004,0.999999999999999
48.5000000000004,0.999999999999999
48.6000000000004,1
48.7000000000004,1
48.8000000000004,1
48.9000000000004,1
49.0000000000004,1
49.1000000000004,1
49.2000000000004,1
49.3000000000004,1
49.4000000000004,1
49.5000000000004,1
49.6000000000004,1
49.7000000000004,1
49.8000000000004,1
49.9000000000004,1
50.0000000000004,1
50.1000000000004,1
50.2000000000004,1
50.3000000000004,1
50.4000000000004,1
50.5000000000004,1
50.6000000000004,1
50.7000000000005,1
50.8000000000005,1
50.9000000000005,1
51.0000000000005,1
51.1000000000005,1
51.2000000000005,1
51.3000000000005,1
51.4000000000005,1
51.5000000000005,1
51.6000000000005,1
51.7000000000005,1
51.8000000000005,1
51.9000000000005,1
52.0000000000005,1
52.1000000000005,1
52.2000000000005,1
52.3000000000005,1
52.4000000000005,1
52.5000000000005,1
52.6000000000005,1
52.7000000000005,1
52.8000000000005,1
52.9000000000005,1
53.0000000000005,1
53.1000000000005,1
53.2000000000005,1
53.3000000000005,1
53.4000000000005,1
53.5000000000005,1
53.6000000000005,1
53.7000000000005,1
53.8000000000005,1
53.9000000000005,1
54.0000000000005,1
54.1000000000005,1
54.2000000000005,1
54.3000000000005,1
54.4000000000005,1
54.5000000000005,1
54.6000000000005,1
54.7000000000005,1
54.8000000000005,1
54.9000000000005,1
55.0000000000005,1
55.1000000000005,1
55.2000000000005,1
55.3000000000005,1
55.4000000000005,1
55.5000000000005,1
55.6000000000005,1
55.7000000000005,1
55.8000000000005,1
55.9000000000005,1
56.0000000000005,1
56.1000000000005,1
56.2000000000005,1
56.3000000000005,1
56.4000000000005,1
56.5000000000005,1
56.6000000000005,1
56.7000000000005,1
56.8000000000005,1
56.9000000000005,1
57.0000000000005,1
57.1000000000005,1
57.2000000000005,1
57.3000000000005,1
57.4000000000005,1
57.5000000000005,1
57.6000000000005,1
57.7000000000005,1
57.8000000000006,1
57.9000000000006,1
58.0000000000006,1
58.1000000000006,1
58.2000000000006,1
58.3000000000006,1
58.4000000000006,1
58.5000000000006,1
58.6000000000006,1
58.7000000000006,1
58.8000000000006,1
58.9000000000006,1
59.0000000000006,1
59.1000000000006,1
59.2000000000006,1
59.3000000000006,1
59.4000000000006,1
59.5000000000006,1
59.6000000000006,1
59.7000000000006,1
59.8000000000006,1
59.9000000000006,1
60.0000000000006,1
60.1000000000006,1
60.2000000000006,1
60.3000000000006,1
60.4000000000006,1
60.5000000000006,1
60.6000000000006,1
60.7000000000006,1
60.8000000000006,1
60.9000000000006,1
61.0000000000006,1
61.1000000000006,1
61.2000000000006,1
61.3000000000006,1
61.4000000000006,1
61.5000000000006,1
61.6000000000006,1
61.7000000000006,1
61.8000000000006,1
61.9000000000006,1
62.0000000000006,1
62.1000000000006,1
62.2000000000006,1
62.3000000000006,1
62.4000000000006,1
62.5000000000006,1
62.6000000000006,1
62.7000000000006,1
62.8000000000006,1
62.9000000000006,1
63.0000000000006,1
63.1000000000006,1
63.2000000000006,1
63.3000000000006,1
63.4000000000006,1
63.5000000000006,1
63.6000000000006,1
63.7000000000006,1
63.8000000000006,1
63.9000000000006,1
64.0000000000006,1
64.1000000000006,1
64.2000000000006,1
64.3000000000006,1
64.4000000000006,1
64.5000000000006,1
64.6000000000006,1
64.7000000000006,1
64.8000000000006,1
64.9000000000006,1
65.0000000000006,1
65.1000000000006,1
65.2000000000006,1
65.3000000000006,1
65.4000000000006,1
65.5000000000006,1
65.6000000000005,1
65.7000000000005,1
65.8000000000005,1
65.9000000000005,1
66.0000000000005,1
66.1000000000005,1
66.2000000000005,1
66.3000000000005,1
66.4000000000005,1
66.5000000000005,1
66.6000000000005,1
66.7000000000005,1
66.8000000000005,1
66.9000000000005,1
67.0000000000005,1
67.1000000000005,1
67.2000000000005,1
67.3000000000005,1
67.4000000000004,1
67.5000000000004,1
67.6000000000004,1
67.7000000000004,1
67.8000000000004,1
67.9000000000004,1
68.0000000000004,1
68.1000000000004,1
68.2000000000004,1
68.3000000000004,1
68.4000000000004,1
68.5000000000004,1
68.6000000000004,1
68.7000000000004,1
68.8000000000004,1
68.9000000000004,1
69.0000000000004,1
69.1000000000003,1
69.2000000000003,1
69.3000000000003,1
69.4000000000003,1
69.5000000000003,1
69.6000000000003,1
69.7000000000003,1
69.8000000000003,1
69.9000000000003,1
70.0000000000003,1
70.1000000000003,1
70.2000000000003,1
70.3000000000003,1
70.4000000000003,1
70.5000000000003,1
70.6000000000003,1
70.7000000000003,1
70.8000000000003,1
70.9000000000002,1
71.0000000000002,1
71.1000000000002,1
71.2000000000002,1
71.3000000000002,1
71.4000000000002,1
71.5000000000002,1
71.6000000000002,1
71.7000000000002,1
71.8000000000002,1
71.9000000000002,1
72.0000000000002,1
72.1000000000002,1
72.2000000000002,1
72.3000000000002,1
72.4000000000002,1
72.5000000000002,1
72.6000000000002,1
72.7000000000001,1
72.8000000000001,1
72.9000000000001,1
73.0000000000001,1
73.1000000000001,1
73.2000000000001,1
73.3000000000001,1
73.4000000000001,1
73.5000000000001,1
73.6000000000001,1
73.7000000000001,1
73.8000000000001,1
73.9000000000001,1
74.0000000000001,1
74.1000000000001,1
74.2000000000001,1
74.3000000000001,1
74.4,1
74.5,1
74.6,1
74.7,1
74.8,1
74.9,1
75,1
75.1,1
75.2,1
75.3,1
75.4,1
75.5,1
75.6,1
75.7,1
75.8,1
75.9,1
76,1
76.1,1
76.1999999999999,1
76.2999999999999,1
76.3999999999999,1
76.4999999999999,1
76.5999999999999,1
76.6999999999999,1
76.7999999999999,1
76.8999999999999,1
76.9999999999999,1
77.0999999999999,1
77.1999999999999,1
77.2999999999999,1
77.3999999999999,1
77.4999999999999,1
77.5999999999999,1
77.6999999999999,1
77.7999999999999,1
77.8999999999998,1
77.9999999999998,1
78.0999999999998,1
78.1999999999998,1
78.2999999999998,1
78.3999999999998,1
78.4999999999998,1
78.5999999999998,1
78.6999999999998,1
78.7999999999998,1
78.8999999999998,1
78.9999999999998,1
79.0999999999998,1
79.1999999999998,1
79.2999999999998,1
79.3999999999998,1
79.4999999999998,1
79.5999999999998,1
79.6999999999997,1
79.7999999999997,1
79.8999999999997,1
79.9999999999997,1
80.0999999999997,1
80.1999999999997,1
80.2999999999997,1
80.3999999999997,1
80.4999999999997,1
80.5999999999997,1
80.6999999999997,1
80.7999999999997,1
80.8999999999997,1
80.9999999999997,1
81.0999999999997,1
81.1999999999997,1
81.2999999999997,1
81.3999999999997,1
81.4999999999996,1
81.5999999999996,1
81.6999999999996,1
81.7999999999996,1
81.8999999999996,1
81.9999999999996,1
82.0999999999996,1
82.1999999999996,1
82.2999999999996,1
82.3999999999996,1
82.4999999999996,1
82.5999999999996,1
82.6999999999996,1
82.7999999999996,1
82.8999999999996,1
82.9999999999996,1
83.0999999999996,1
83.1999999999995,1
83.2999999999995,1
83.3999999999995,1
83.4999999999995,1
83.5999999999995,1
83.6999999999995,1
83.7999999999995,1
83.8999999999995,1
83.9999999999995,1
84.0999999999995,1
84.1999999999995,1
84.2999999999995,1
84.3999999999995,1
84.4999999999995,1
84.5999999999995,1
84.6999999999995,1
84.7999999999995,1
84.8999999999995,1
84.9999999999994,1
85.0999999999994,1
85.1999999999994,1
85.2999999999994,1
85.3999999999994,1
85.4999999999994,1
85.5999999999994,1
85.6999999999994,1
85.7999999999994,1
85.8999999999994,1
85.9999999999994,1
86.0999999999994,1
86.1999999999994,1
86.2999999999994,1
86.3999999999994,1
86.4999999999994,1
86.5999999999994,1
86.6999999999993,1
86.7999999999993,1
86.8999999999993,1
86.9999999999993,1
87.0999999999993,1
87.1999999999993,1
87.2999999999993,1
87.3999999999993,1
87.4999999999993,1
87.5999999999993,1
87.6999999999993,1
87.7999999999993,1
87.8999999999993,1
87.9999999999993,1
88.0999999999993,1
88.1999999999993,1
88.2999999999993,1
88.3999999999993,1
88.4999999999992,1
88.5999999999992,1
88.6999999999992,1
88.7999999999992,1
88.8999999999992,1
88.9999999999992,1
89.0999999999992,1
89.1999999999992,1
89.2999999999992,1
89.3999999999992,1
89.4999999999992,1
89.5999999999992,1
89.6999999999992,1
89.7999999999992,1
89.8999999999992,1
89.9999999999992,1
90.0999999999992,1
90.1999999999992,1
90.2999999999991,1
90.3999999999991,1
90.4999999999991,1
90.5999999999991,1
90.6999999999991,1
90.7999999999991,1
90.8999999999991,1
90.9999999999991,1
91.0999999999991,1
91.1999999999991,1
91.2999999999991,1
91.3999999999991,1
91.4999999999991,1
91.5999999999991,1
91.6999999999991,1
91.7999999999991,1
91.8999999999991,1
91.999999999999,1
92.099999999999,1
92.199999999999,1
92.299999999999,1
92.399999999999,1
92.499999999999,1
92.599999999999,1
92.699999999999,1
92.799999999999,1
92.899999999999,1
92.999999999999,1
93.099999999999,1
93.199999999999,1
93.299999999999,1
93.399999999999,1
93.499999999999,1
93.599999999999,1
93.699999999999,1
93.7999999999989,1
93.8999999999989,1
93.9999999999989,1
94.0999999999989,1
94.1999999999989,1
94.2999999999989,1
94.3999999999989,1
94.4999999999989,1
94.5999999999989,1
94.6999999999989,1
94.7999999999989,1
94.8999999999989,1
94.9999999999989,1
95.0999999999989,1
95.1999999999989,1
95.2999999999989,1
95.3999999999989,1
95.4999999999988,1
95.5999999999988,1
95.6999999999988,1
95.7999999999988,1
95.8999999999988,1
95.9999999999988,1
96.0999999999988,1
96.1999999999988,1
96.2999999999988,1
96.3999999999988,1
96.4999999999988,1
96.5999999999988,1
96.6999999999988,1
96.7999999999988,1
96.8999999999988,1
96.9999999999988,1
97.0999999999988,1
97.1999999999988,1
97.2999999999987,1
97.3999999999987,1
97.4999999999987,1
97.5999999999987,1
97.6999999999987,1
97.7999999999987,1
97.8999999999987,1
97.9999999999987,1
98.0999999999987,1
98.1999999999987,1
98.2999999999987,1
98.3999999999987,1
98.4999999999987,1
98.5999999999987,1
98.6999999999987,1
98.7999999999987,1
98.8999999999987,1
98.9999999999986,1
99.0999999999986,1
99.1999999999986,1
99.2999999999986,1
99.3999999999986,1
99.4999999999986,1
99.5999999999986,1
99.6999999999986,1
99.7999999999986,1
99.8999999999986,1
99.9999999999986,1
100.099999999999,1
100.199999999999,1
100.299999999999,1
100.399999999999,1
100.499999999999,1
100.599999999999,1
100.699999999999,1
100.799999999999,1
100.899999999999,1
100.999999999999,1
101.099999999999,1
101.199999999999,1
101.299999999999,1
101.399999999999,1
101.499999999999,1
101.599999999999,1
101.699999999998,1
101.799999999998,1
101.899999999998,1
101.999999999998,1
102.099999999998,1
102.199999999998,1
102.299999999998,1
102.399999999998,1
102.499999999998,1
102.599999999998,1
102.699999999998,1
102.799999999998,1
102.899999999998,1
102.999999999998,1
103.099999999998,1
103.199999999998,1
103.299999999998,1
103.399999999998,1
103.499999999998,1
103.599999999998,1
103.699999999998,1
103.799999999998,1
103.899999999998,1
103.999999999998,1
104.099999999998,1
104.199999999998,1
104.299999999998,1
104.399999999998,1
104.499999999998,1
104.599999999998,1
104.699999999998,1
104.799999999998,1
104.899999999998,1
104.999999999998,1
105.099999999998,1
105.199999999998,1
105.299999999998,1
105.399999999998,1
105.499999999998,1
105.599999999998,1
105.699999999998,1
105.799999999998,1
105.899999999998,1
105.999999999998,1
106.099999999998,1
106.199999999998,1
106.299999999998,1
106.399999999998,1
106.499999999998,1
106.599999999998,1
106.699999999998,1
106.799999999998,1
106.899999999998,1
106.999999999998,1
107.099999999998,1
107.199999999998,1
107.299999999998,1
107.399999999998,1
107.499999999998,1
107.599999999998,1
107.699999999998,1
107.799999999998,1
107.899999999998,1
107.999999999998,1
108.099999999998,1
108.199999999998,1
108.299999999998,1
108.399999999998,1
108.499999999998,1
108.599999999998,1
108.699999999998,1
108.799999999998,1
108.899999999998,1
108.999999999998,1
109.099999999998,1
109.199999999998,1
109.299999999998,1
109.399999999998,1
109.499999999998,1
109.599999999998,1
109.699999999998,1
109.799999999998,1
109.899999999998,1
109.999999999998,1
110.099999999998,1
110.199999999998,1
110.299999999998,1
110.399999999998,1
110.499999999998,1
110.599999999998,1
110.699999999998,1
110.799999999998,1
110.899999999998,1
110.999999999998,1
111.099999999998,1
111.199999999998,1
111.299999999998,1
111.399999999998,1
111.499999999998,1
111.599999999998,1
111.699999999998,1
111.799999999998,1
111.899999999998,1
111.999999999998,1
112.099999999998,1
112.199999999998,1
112.299999999998,1
112.399999999998,1
112.499999999998,1
112.599999999998,1
112.699999999998,1
112.799999999998,1
112.899999999998,1
112.999999999998,1
113.099999999998,1
113.199999999998,1
113.299999999998,1
113.399999999998,1
113.499999999998,1
113.599999999998,1
113.699999999998,1
113.799999999998,1
113.899999999998,1
113.999999999998,1
114.099999999998,1
114.199999999998,1
114.299999999998,1
114.399999999998,1
114.499999999998,1
114.599999999998,1
114.699999999998,1
114.799999999998,1
114.899999999998,1
114.999999999998,1
115.099999999998,1
115.199999999998,1
115.299999999998,1
115.399999999998,1
115.499999999998,1
115.599999999998,1
115.699999999998,1
115.799999999998,1
115.899999999998,1
115.999999999998,1
116.099999999998,1
116.199999999998,1
116.299999999998,1
116.399999999998,1
116.499999999998,1
116.599999999998,1
116.699999999998,1
116.799999999998,1
116.899999999998,1
116.999999999998,1
117.099999999998,1
117.199999999998,1
117.299999999998,1
117.399999999998,1
117.499999999998,1
117.599999999998,1
117.699999999998,1
117.799999999998,1
117.899999999998,1
117.999999999998,1
118.099999999998,1
118.199999999998,1
118.299999999998,1
118.399999999998,1
118.499999999998,1
118.599999999998,1
118.699999999998,1
118.799999999998,1
118.899999999998,1
118.999999999998,1
119.099999999998,1
119.199999999998,1
119.299999999997,1
119.399999999997,1
119.499999999997,1
119.599999999997,1
119.699999999997,1
119.799999999997,1
119.899999999997,1
119.999999999997,1
120.099999999997,1
120.199999999997,1
120.299999999997,1
120.399999999997,1
120.499999999997,1
120.599999999997,1
120.699999999997,1
120.799999999997,1
120.899999999997,1
120.999999999997,1
121.099999999997,1
121.199999999997,1
121.299999999997,1
121.399999999997,1
121.499999999997,1
121.599999999997,1
121.699999999997,1
121.799999999997,1
121.899999999997,1
121.999999999997,1
122.099999999997,1
122.199999999997,1
122.299999999997,1
122.399999999997,1
122.499999999997,1
122.599999999997,1
122.699999999997,1
122.799999999997,1
122.899999999997,1
122.999999999997,1
123.099999999997,1
123.199999999997,1
123.299999999997,1
123.399999999997,1
123.499999999997,1
123.599999999997,1
123.699999999997,1
123.799999999997,1
123.899999999997,1
123.999999999997,1
124.099999999997,1
124.199999999997,1
124.299999999997,1
124.399999999997,1
124.499999999997,1
124.599999999997,1
124.699999999997,1
124.799999999997,1
124.899999999997,1
124.999999999997,1
125.099999999997,1
125.199999999997,1
125.299999999997,1
125.399999999997,1
125.499999999997,1
125.599999999997,1
125.699999999997,1
125.799999999997,1
125.899999999997,1
125.999999999997,1
126.099999999997,1
126.199999999997,1
126.299999999997,1
126.399999999997,1
126.499999999997,1
126.599999999997,1
126.699999999997,1
126.799999999997,1
126.899999999997,1
126.999999999997,1
127.099999999997,1
127.199999999997,1
127.299999999997,1
127.399999999997,1
127.499999999997,1
127.599999999997,1
127.699999999997,1
127.799999999997,1
127.899999999997,1
127.999999999997,1
128.099999999997,1
128.199999999997,1
128.299999999997,1
128.399999999997,1
128.499999999997,1
128.599999999997,1
128.699999999997,1
128.799999999997,1
128.899999999997,1
128.999999999997,1
129.099999999997,1
129.199999999997,1
129.299999999997,1
129.399999999997,1
129.499999999997,1
129.599999999997,1
129.699999999997,1
129.799999999997,1
129.899999999997,1
129.999999999997,1
130.099999999997,1
130.199999999997,1
130.299999999997,1
130.399999999997,1
130.499999999997,1
130.599999999997,1
130.699999999997,1
130.799999999997,1
130.899999999997,1
130.999999999997,1
131.099999999997,1
131.199999999997,1
131.299999999997,1
131.399999999997,1
131.499999999997,1
131.599999999997,1
131.699999999997,1
131.799999999997,1
131.899999999997,1
131.999999999997,1
132.099999999997,1
132.199999999997,1
132.299999999997,1
132.399999999997,1
132.499999999997,1
132.599999999997,1
132.699999999997,1
132.799999999997,1
132.899999999997,1
132.999999999997,1
133.099999999997,1
133.199999999997,1
133.299999999997,1
133.399999999997,1
133.499999999997,1
133.599999999997,1
133.699999999997,1
133.799999999997,1
133.899999999997,1
133.999999999997,1
134.099999999997,1
134.199999999997,1
134.299999999997,1
134.399999999997,1
134.499999999997,1
134.599999999997,1
134.699999999997,1
134.799999999997,1
134.899999999997,1
134.999999999997,NaN
135.099999999997,NaN
135.199999999997,NaN
135.299999999997,NaN
135.399999999997,NaN
135.499999999997,NaN
135.599999999997,NaN
135.699999999997,NaN
135.799999999997,NaN
135.899999999997,NaN
135.999999999997,NaN
136.099999999997,NaN
136.199999999997,NaN
136.299999999997,NaN
136.399999999997,NaN
136.499999999997,NaN
136.599999999997,NaN
136.699999999997,NaN
136.799999999997,NaN
136.899999999997,NaN
136.999999999997,NaN
137.099999999996,NaN
137.199999999996,NaN
137.299999999996,NaN
137.399999999996,NaN
137.499999999996,NaN
137.599999999996,NaN
137.699999999996,NaN
137.799999999996,NaN
137.899999999996,NaN
137.999999999996,NaN
138.099999999996,NaN
138.199999999996,NaN
138.299999999996,NaN
138.399999999996,NaN
138.499999999996,NaN
138.599999999996,NaN
138.699999999996,NaN
138.799999999996,NaN
138.899999999996,NaN
138.999999999996,NaN
139.099999999996,NaN
139.199999999996,NaN
139.299999999996,NaN
139.399999999996,NaN
139.499999999996,NaN
139.599999999996,NaN
139.699999999996,NaN
139.799999999996,NaN
139.899999999996,NaN
139.999999999996,NaN
140.099999999996,NaN
140.199999999996,NaN
140.299999999996,NaN
140.399999999996,NaN
140.499999999996,NaN
140.599999999996,NaN
140.699999999996,NaN
140.799999999996,NaN
140.899999999996,NaN
140.999999999996,NaN
141.099999999996,NaN
141.199999999996,NaN
141.299999999996,NaN
141.399999999996,NaN
141.499999999996,NaN
141.599999999996,NaN
141.699999999996,NaN
141.799999999996,NaN
141.899999999996,NaN
141.999999999996,NaN
142.099999999996,NaN
142.199999999996,NaN
142.299999999996,NaN
142.399999999996,NaN
142.499999999996,NaN
142.599999999996,NaN
142.699999999996,NaN
142.799999999996,NaN
142.899999999996,NaN
142.999999999996,NaN
143.099999999996,NaN
143.199999999996,NaN
143.299999999996,NaN
143.399999999996,NaN
143.499999999996,NaN
143.599999999996,NaN
143.699999999996,NaN
143.799999999996,NaN
143.899999999996,NaN
143.999999999996,NaN
144.099999999996,NaN
144.199999999996,NaN
144.299999999996,NaN
144.399999999996,NaN
144.499999999996,NaN
144.599999999996,NaN
144.699999999996,NaN
144.799999999996,NaN
144.899999999996,NaN
144.999999999996,NaN
145.099999999996,NaN
145.199999999996,NaN
145.299999999996,NaN
145.399999999996,NaN
145.499999999996,NaN
145.599999999996,NaN
145.699999999996,NaN
145.799999999996,NaN
145.899999999996,NaN
145.999999999996,NaN
146.099999999996,NaN
146.199999999996,NaN
146.299999999996,NaN
146.399999999996,NaN
146.499999999996,NaN
146.599999999996,NaN
146.699999999996,NaN
146.799999999996,NaN
146.899999999996,NaN
146.999999999996,NaN
147.099999999996,NaN
147.199999999996,NaN
147.299999999996,NaN
147.399999999996,NaN
147.499999999996,NaN
147.599999999996,NaN
147.699999999996,NaN
147.799999999996,NaN
147.899999999996,NaN
147.999999999996,NaN
148.099999999996,NaN
148.199999999996,NaN
148.299999999996,NaN
148.399999999996,NaN
148.499999999996,NaN
148.599999999996,NaN
148.699999999996,NaN
148.799999999996,NaN
148.899999999996,NaN
148.999999999996,NaN
149.099999999996,NaN
149.199999999996,NaN
149.299999999996,NaN
149.399999999996,NaN
149.499999999996,NaN
149.599999999996,NaN
149.699999999996,NaN
149.799999999996,NaN
149.899999999996,NaN
149.999999999996,NaN
150.099999999996,NaN
150.199999999996,NaN
150.299999999996,NaN
150.399999999996,NaN
150.499999999996,NaN
150.599999999996,NaN
150.699999999996,NaN
150.799999999996,NaN
150.899999999996,NaN
150.999999999996,NaN
151.099999999996,NaN
151.199999999996,NaN
151.299999999996,NaN
151.399999999996,NaN
151.499999999996,NaN
151.599999999996,NaN
151.699999999996,NaN
151.799999999996,NaN
151.899999999996,NaN
151.999999999996,NaN
152.099999999996,NaN
152.199999999996,NaN
152.299999999996,NaN
152.399999999996,NaN
152.499999999996,NaN
152.599999999996,NaN
152.699999999996,NaN
152.799999999996,NaN
152.899999999996,NaN
152.999999999996,NaN
153.099999999996,NaN
153.199999999996,NaN
153.299999999996,NaN
153.399999999996,NaN
153.499999999996,NaN
153.599999999996,NaN
153.699999999996,NaN
153.799999999996,NaN
153.899999999996,NaN
153.999999999996,NaN
154.099999999996,NaN
154.199999999996,NaN
154.299999999996,NaN
154.399999999996,NaN
154.499999999996,NaN
154.599999999996,NaN
154.699999999995,NaN
154.799999999995,NaN
154.899999999995,NaN
154.999999999995,NaN
155.099999999995,NaN
155.199999999995,NaN
155.299999999995,NaN
155.399999999995,NaN
155.499999999995,NaN
155.599999999995,NaN
155.699999999995,NaN
155.799999999995,NaN
155.899999999995,NaN
155.999999999995,NaN
156.099999999995,NaN
156.199999999995,NaN
156.299999999995,NaN
156.399999999995,NaN
156.499999999995,NaN
156.599999999995,NaN
156.699999999995,NaN
156.799999999995,NaN
156.899999999995,NaN
156.999999999995,NaN
157.099999999995,NaN
157.199999999995,NaN
157.299999999995,NaN
157.399999999995,NaN
157.499999999995,NaN
157.599999999995,NaN
157.699999999995,NaN
157.799999999995,NaN
157.899999999995,NaN
157.999999999995,NaN
158.099999999995,NaN
158.199999999995,NaN
158.299999999995,NaN
158.399999999995,NaN
158.499999999995,NaN
158.599999999995,NaN
158.699999999995,NaN
158.799999999995,NaN
158.899999999995,NaN
158.999999999995,NaN
159.099999999995,NaN
159.199999999995,NaN
159.299999999995,NaN
159.399999999995,NaN
159.499999999995,NaN
159.599999999995,NaN
159.699999999995,NaN
159.799999999995,NaN
159.899999999995,NaN
159.999999999995,NaN
160.099999999995,NaN
160.199999999995,NaN
160.299999999995,NaN
160.399999999995,NaN
160.499999999995,NaN
160.599999999995,NaN
160.699999999995,NaN
160.799999999995,NaN
160.899999999995,NaN
160.999999999995,NaN
161.099999999995,NaN
161.199999999995,NaN
161.299999999995,NaN
161.399999999995,NaN
161.499999999995,NaN
161.599999999995,NaN
161.699999999995,NaN
161.799999999995,NaN
161.899999999995,NaN
161.999999999995,NaN
162.099999999995,NaN
162.199999999995,NaN
162.299999999995,NaN
162.399999999995,NaN
162.499999999995,NaN
162.599999999995,NaN
162.699999999995,NaN
162.799999999995,NaN
162.899999999995,NaN
162.999999999995,NaN
163.099999999995,NaN
163.199999999995,NaN
163.299999999995,NaN
163.399999999995,NaN
163.499999999995,NaN
163.599999999995,NaN
163.699999999995,NaN
163.799999999995,NaN
163.899999999995,NaN
163.999999999995,NaN
164.099999999995,NaN
164.199999999995,NaN
164.299999999995,NaN
164.399999999995,NaN
164.499999999995,NaN
164.599999999995,NaN
164.699999999995,NaN
164.799999999995,NaN
164.899999999995,NaN
164.999999999995,NaN
165.099999999995,NaN
165.199999999995,NaN
165.299999999995,NaN
165.399999999995,NaN
165.499999999995,NaN
165.599999999995,NaN
165.699999999995,NaN
165.799999999995,NaN
165.899999999995,NaN
165.999999999995,NaN
166.099999999995,NaN
166.199999999995,NaN
166.299999999995,NaN
166.399999999995,NaN
166.499999999995,NaN
166.599999999995,NaN
166.699999999995,NaN
166.799999999995,NaN
166.899999999995,NaN
166.999999999995,NaN
167.099999999995,NaN
167.199999999995,NaN
167.299999999995,NaN
167.399999999995,NaN
167.499999999995,NaN
167.599999999995,NaN
167.699999999995,NaN
167.799999999995,NaN
167.899999999995,NaN
167.999999999995,NaN
168.099999999995,NaN
168.199999999995,NaN
168.299999999995,NaN
168.399999999995,NaN
168.499999999995,NaN
168.599999999995,NaN
168.699999999995,NaN
168.799999999995,NaN
168.899999999995,NaN
168.999999999995,NaN
169.099999999995,NaN
169.199999999995,NaN
169.299999999995,NaN
169.399999999995,NaN
169.499999999995,NaN
169.599999999995,NaN
169.699999999995,NaN
169.799999999995,NaN
169.899999999995,NaN
169.999999999995,NaN
170.099999999995,NaN
170.199999999995,NaN
170.299999999995,NaN
170.399999999995,NaN
170.499999999995,NaN
170.599999999995,NaN
170.699999999995,NaN
170.799999999995,NaN
170.899999999995,NaN
170.999999999995,NaN
171.099999999995,NaN
171.199999999995,NaN
171.299999999995,NaN
171.399999999995,NaN
171.499999999995,NaN
171.599999999995,NaN
171.699999999995,NaN
171.799999999995,NaN
171.899999999995,NaN
171.999999999995,NaN
172.099999999995,NaN
172.199999999995,NaN
172.299999999994,NaN
172.399999999994,NaN
172.499999999994,NaN
172.599999999994,NaN
172.699999999994,NaN
172.799999999994,NaN
172.899999999994,NaN
172.999999999994,NaN
173.099999999994,NaN
173.199999999994,NaN
173.299999999994,NaN
173.399999999994,NaN
173.499999999994,NaN
173.599999999994,NaN
173.699999999994,NaN
173.799999999994,NaN
173.899999999994,NaN
173.999999999994,NaN
174.099999999994,NaN
174.199999999994,NaN
174.299999999994,NaN
174.399999999994,NaN
174.499999999994,NaN
174.599999999994,NaN
174.699999999994,NaN
174.799999999994,NaN
174.899999999994,NaN
174.999999999994,NaN
175.099999999994,NaN
175.199999999994,NaN
175.299999999994,NaN
175.399999999994,NaN
175.499999999994,NaN
175.599999999994,NaN
175.699999999994,NaN
175.799999999994,NaN
175.899999999994,NaN
175.999999999994,NaN
176.099999999994,NaN
176.199999999994,NaN
176.299999999994,NaN
176.399999999994,NaN
176.499999999994,NaN
176.599999999994,NaN
176.699999999994,NaN
176.799999999994,NaN
176.899999999994,NaN
176.999999999994,NaN
177.099999999994,NaN
177.199999999994,NaN
177.299999999994,NaN
177.399999999994,NaN
177.499999999994,NaN
177.599999999994,NaN
177.699999999994,NaN
177.799999999994,NaN
177.899999999994,NaN
177.999999999994,NaN
178.099999999994,NaN
178.199999999994,NaN
178.299999999994,NaN
178.399999999994,NaN
178.499999999994,NaN
178.599999999994,NaN
178.699999999994,NaN
178.799999999994,NaN
178.899999999994,NaN
178.999999999994,NaN
179.099999999994,NaN
179.199999999994,NaN
179.299999999994,NaN
179.399999999994,NaN
179.499999999994,NaN
179.599999999994,NaN
179.699999999994,NaN
179.799999999994,NaN
179.899999999994,NaN
179.999999999994,NaN
180.099999999994,NaN
180.199999999994,NaN
180.299999999994,NaN
180.399999999994,NaN
180.499999999994,NaN
180.599999999994,NaN
180.699999999994,NaN
180.799999999994,NaN
180.899999999994,NaN
180.999999999994,NaN
181.099999999994,NaN
181.199999999994,NaN
181.299999999994,NaN
181.399999999994,NaN
181.499999999994,NaN
181.599999999994,NaN
181.699999999994,NaN
181.799999999994,NaN
181.899999999994,NaN
181.999999999994,NaN
182.099999999994,NaN
182.199999999994,NaN
182.299999999994,NaN
182.399999999994,NaN
182.499999999994,NaN
182.599999999994,NaN
182.699999999994,NaN
182.799999999994,NaN
182.899999999994,NaN
182.999999999994,NaN
183.099999999994,NaN
183.199999999994,NaN
183.299999999994,NaN
183.399999999994,NaN
183.499999999994,NaN
183.599999999994,NaN
183.699999999994,NaN
183.799999999994,NaN
183.899999999994,NaN
183.999999999994,NaN
184.099999999994,NaN
184.199999999994,NaN
184.299999999994,NaN
184.399999999994,NaN
184.499999999994,NaN
184.599999999994,NaN
184.699999999994,NaN
184.799999999994,NaN
184.899999999994,NaN
184.999999999994,NaN
185.099999999994,NaN
185.199999999994,NaN
185.299999999994,NaN
185.399999999994,NaN
185.499999999994,NaN
185.599999999994,NaN
185.699999999994,NaN
185.799999999994,NaN
185.899999999994,NaN
185.999999999994,NaN
186.099999999994,NaN
186.199999999994,NaN
186.299999999994,NaN
186.399999999994,NaN
186.499999999994,NaN
186.599999999994,NaN
186.699999999994,NaN
186.799999999994,NaN
186.899999999994,NaN
186.999999999994,NaN
187.099999999994,NaN
187.199999999994,NaN
187.299999999994,NaN
187.399999999994,NaN
187.499999999994,NaN
187.599999999994,NaN
187.699999999994,NaN
187.799999999994,NaN
187.899999999994,NaN
187.999999999994,NaN
188.099999999994,NaN
188.199999999994,NaN
188.299999999994,NaN
188.399999999994,NaN
188.499999999994,NaN
188.599999999994,NaN
188.699999999994,NaN
188.799999999994,NaN
188.899999999994,NaN
188.999999999994,NaN
189.099999999994,NaN
189.199999999994,NaN
189.299999999994,NaN
189.399999999994,NaN
189.499999999994,NaN
189.599999999994,NaN
189.699999999994,NaN
189.799999999994,NaN
189.899999999993,NaN
189.999999999993,NaN
190.099999999993,NaN
190.199999999993,NaN
190.299999999993,NaN
190.399999999993,NaN
190.499999999993,NaN
190.599999999993,NaN
190.699999999993,NaN
190.799999999993,NaN
190.899999999993,NaN
190.999999999993,NaN
191.099999999993,NaN
191.199999999993,NaN
191.299999999993,NaN
191.399999999993,NaN
191.499999999993,NaN
191.599999999993,NaN
191.699999999993,NaN
191.799999999993,NaN
191.899999999993,NaN
191.999999999993,NaN
192.099999999993,NaN
192.199999999993,NaN
192.299999999993,NaN
192.399999999993,NaN
192.499999999993,NaN
192.599999999993,NaN
192.699999999993,NaN
192.799999999993,NaN
192.899999999993,NaN
192.999999999993,NaN
193.099999999993,NaN
193.199999999993,NaN
193.299999999993,NaN
193.399999999993,NaN
193.499999999993,NaN
193.599999999993,NaN
193.699999999993,NaN
193.799999999993,NaN
193.899999999993,NaN
193.999999999993,NaN
194.099999999993,NaN
194.199999999993,NaN
194.299999999993,NaN
194.399999999993,NaN
194.499999999993,NaN
194.599999999993,NaN
194.699999999993,NaN
194.799999999993,NaN
194.899999999993,NaN
194.999999999993,NaN
195.099999999993,NaN
195.199999999993,NaN
195.299999999993,NaN
195.399999999993,NaN
195.499999999993,NaN
195.599999999993,NaN
195.699999999993,NaN
195.799999999993,NaN
195.899999999993,NaN
195.999999999993,NaN
196.099999999993,NaN
196.199999999993,NaN
196.299999999993,NaN
196.399999999993,NaN
196.499999999993,NaN
196.599999999993,NaN
196.699999999993,NaN
196.799999999993,NaN
196.899999999993,NaN
196.999999999993,NaN
197.099999999993,NaN
197.199999999993,NaN
197.299999999993,NaN
197.399999999993,NaN
197.499999999993,NaN
197.599999999993,NaN
197.699999999993,NaN
197.799999999993,NaN
197.899999999993,NaN
197.999999999993,NaN
198.099999999993,NaN
198.199999999993,NaN
198.299999999993,NaN
198.399999999993,NaN
198.499999999993,NaN
198.599999999993,NaN
198.699999999993,NaN
198.799999999993,NaN
198.899999999993,NaN
198.999999999993,NaN
199.099999999993,NaN
199.199999999993,NaN
199.299999999993,NaN
199.399999999993,NaN
199.499999999993,NaN
199.599999999993,NaN
199.699999999993,NaN
199.799999999993,NaN
199.899999999993,NaN
199.999999999993,NaN
200.099999999993,NaN
200.199999999993,NaN
200.299999999993,NaN
200.399999999993,NaN
200.499999999993,NaN
200.599999999993,NaN
200.699999999993,NaN
200.799999999993,NaN
200.899999999993,NaN
200.999999999993,NaN
201.099999999993,NaN
201.199999999993,NaN
201.299999999993,NaN
201.399999999993,NaN
201.499999999993,NaN
201.599999999993,NaN
201.699999999993,NaN
201.799999999993,NaN
201.899999999993,NaN
201.999999999993,NaN
202.099999999993,NaN
202.199999999993,NaN
202.299999999993,NaN
202.399999999993,NaN
202.499999999993,NaN
202.599999999993,NaN
202.699999999993,NaN
202.799999999993,NaN
202.899999999993,NaN
202.999999999993,NaN
203.099999999993,NaN
203.199999999993,NaN
203.299999999993,NaN
203.399999999993,NaN
203.499999999993,NaN
203.599999999993,NaN
203.699999999993,NaN
203.799999999993,NaN
203.899999999993,NaN
203.999999999993,NaN
204.099999999993,NaN
204.199999999993,NaN
204.299999999993,NaN
204.399999999993,NaN
204.499999999993,NaN
204.599999999993,NaN
204.699999999993,NaN
204.799999999993,NaN
204.899999999993,NaN
204.999999999993,NaN
205.099999999993,NaN
205.199999999993,NaN
205.299999999993,NaN
205.399999999993,NaN
205.499999999993,NaN
205.599999999993,NaN
205.699999999993,NaN
205.799999999993,NaN
205.899999999993,NaN
205.999999999993,NaN
206.099999999993,NaN
206.199999999993,NaN
206.299999999993,NaN
206.399999999993,NaN
206.499999999993,NaN
206.599999999993,NaN
206.699999999993,NaN
206.799999999993,NaN
206.899999999993,NaN
206.999999999993,NaN
207.099999999993,NaN
207.199999999993,NaN
207.299999999993,NaN
207.399999999993,NaN
207.499999999992,NaN
207.599999999992,NaN
207.699999999992,NaN
207.799999999992,NaN
207.899999999992,NaN
207.999999999992,NaN
208.099999999992,NaN
208.199999999992,NaN
208.299999999992,NaN
208.399999999992,NaN
208.499999999992,NaN
208.599999999992,NaN
208.699999999992,NaN
208.799999999992,NaN
208.899999999992,NaN
208.999999999992,NaN
209.099999999992,NaN
209.199999999992,NaN
209.299999999992,NaN
209.399999999992,NaN
209.499999999992,NaN
209.599999999992,NaN
209.699999999992,NaN
209.799999999992,NaN
209.899999999992,NaN
209.999999999992,NaN
210.099999999992,NaN
210.199999999992,NaN
210.299999999992,NaN
210.399999999992,NaN
210.499999999992,NaN
210.599999999992,NaN
210.699999999992,NaN
210.799999999992,NaN
210.899999999992,NaN
210.999999999992,NaN
211.099999999992,NaN
211.199999999992,NaN
211.299999999992,NaN
211.399999999992,NaN
211.499999999992,NaN
211.599999999992,NaN
211.699999999992,NaN
211.799999999992,NaN
211.899999999992,NaN
211.999999999992,NaN
212.099999999992,NaN
212.199999999992,NaN
212.299999999992,NaN
212.399999999992,NaN
212.499999999992,NaN
212.599999999992,NaN
212.699999999992,NaN
212.799999999992,NaN
212.899999999992,NaN
212.999999999992,NaN
213.099999999992,NaN
213.199999999992,NaN
213.299999999992,NaN
213.399999999992,NaN
213.499999999992,NaN
213.599999999992,NaN
213.699999999992,NaN
213.799999999992,NaN
213.899999999992,NaN
213.999999999992,NaN
214.099999999992,NaN
214.199999999992,NaN
214.299999999992,NaN
214.399999999992,NaN
214.499999999992,NaN
214.599999999992,NaN
214.699999999992,NaN
214.799999999992,NaN
214.899999999992,NaN
214.999999999992,NaN
215.099999999992,NaN
215.199999999992,NaN
215.299999999992,NaN
215.399999999992,NaN
215.499999999992,NaN
215.599999999992,NaN
215.699999999992,NaN
215.799999999992,NaN
215.899999999992,NaN
215.999999999992,NaN
216.099999999992,NaN
216.199999999992,NaN
216.299999999992,NaN
216.399999999992,NaN
216.499999999992,NaN
216.599999999992,NaN
216.699999999992,NaN
216.799999999992,NaN
216.899999999992,NaN
216.999999999992,NaN
217.099999999992,NaN
217.199999999992,NaN
217.299999999992,NaN
217.399999999992,NaN
217.499999999992,NaN
217.599999999992,NaN
217.699999999992,NaN
217.799999999992,NaN
217.899999999992,NaN
217.999999999992,NaN
218.099999999992,NaN
218.199999999992,NaN
218.299999999992,NaN
218.399999999992,NaN
218.499999999992,NaN
218.599999999992,NaN
218.699999999992,NaN
218.799999999992,NaN
218.899999999992,NaN
218.999999999992,NaN
219.099999999992,NaN
219.199999999992,NaN
219.299999999992,NaN
219.399999999992,NaN
219.499999999992,NaN
219.599999999992,NaN
219.699999999992,NaN
219.799999999992,NaN
219.899999999992,NaN
219.999999999992,NaN
220.099999999992,NaN
220.199999999992,NaN
220.299999999992,NaN
220.399999999992,NaN
220.499999999992,NaN
220.599999999992,NaN
220.699999999992,NaN
220.799999999992,NaN
220.899999999992,NaN
220.999999999992,NaN
221.099999999992,NaN
221.199999999992,NaN
221.299999999992,NaN
221.399999999992,NaN
221.499999999992,NaN
221.599999999992,NaN
221.699999999992,NaN
221.799999999992,NaN
221.899999999992,NaN
221.999999999992,NaN
222.099999999992,NaN
222.199999999992,NaN
222.299999999992,NaN
222.399999999992,NaN
222.499999999992,NaN
222.599999999992,NaN
222.699999999992,NaN
222.799999999992,NaN
222.899999999992,NaN
222.999999999992,NaN
223.099999999992,NaN
223.199999999992,NaN
223.299999999992,NaN
223.399999999992,NaN
223.499999999992,NaN
223.599999999992,NaN
223.699999999992,NaN
223.799999999992,NaN
223.899999999992,NaN
223.999999999992,NaN
224.099999999992,NaN
224.199999999992,NaN
224.299999999992,NaN
224.399999999992,NaN
224.499999999992,NaN
224.599999999992,NaN
224.699999999992,NaN
224.799999999992,NaN
224.899999999992,NaN
224.999999999992,NaN
225.099999999991,NaN
225.199999999991,NaN
225.299999999991,NaN
225.399999999991,NaN
225.499999999991,NaN
225.599999999991,NaN
225.699999999991,NaN
225.799999999991,NaN
225.899999999991,NaN
225.999999999991,NaN
226.099999999991,NaN
226.199999999991,NaN
226.299999999991,NaN
226.399999999991,NaN
226.499999999991,NaN
226.599999999991,NaN
226.699999999991,NaN
226.799999999991,NaN
226.899999999991,NaN
226.999999999991,NaN
227.099999999991,NaN
227.199999999991,NaN
227.299999999991,NaN
227.399999999991,NaN
227.499999999991,NaN
227.599999999991,NaN
227.699999999991,NaN
227.799999999991,NaN
227.899999999991,NaN
227.999999999991,NaN
228.099999999991,NaN
228.199999999991,NaN
228.299999999991,NaN
228.399999999991,NaN
228.499999999991,NaN
228.599999999991,NaN
228.699999999991,NaN
228.799999999991,NaN
228.899999999991,NaN
228.999999999991,NaN
229.099999999991,NaN
229.199999999991,NaN
229.299999999991,NaN
229.399999999991,NaN
229.499999999991,NaN
229.599999999991,NaN
229.699999999991,NaN
229.799999999991,NaN
229.899999999991,NaN
229.999999999991,NaN
230.099999999991,NaN
230.199999999991,NaN
230.299999999991,NaN
230.399999999991,NaN
230.499999999991,NaN
230.599999999991,NaN
230.699999999991,NaN
230.799999999991,NaN
230.899999999991,NaN
230.999999999991,NaN
231.099999999991,NaN
231.199999999991,NaN
231.299999999991,NaN
231.399999999991,NaN
231.499999999991,NaN
231.599999999991,NaN
231.699999999991,NaN
231.799999999991,NaN
231.899999999991,NaN
231.999999999991,NaN
232.099999999991,NaN
232.199999999991,NaN
232.299999999991,NaN
232.399999999991,NaN
232.499999999991,NaN
232.599999999991,NaN
232.699999999991,NaN
232.799999999991,NaN
232.899999999991,NaN
232.999999999991,NaN
233.099999999991,NaN
233.199999999991,NaN
233.299999999991,NaN
233.399999999991,NaN
233.499999999991,NaN
233.599999999991,NaN
233.699999999991,NaN
233.799999999991,NaN
233.899999999991,NaN
233.999999999991,NaN
234.099999999991,NaN
234.199999999991,NaN
234.299999999991,NaN
234.399999999991,NaN
234.499999999991,NaN
234.599999999991,NaN
234.699999999991,NaN
234.799999999991,NaN
234.899999999991,NaN
234.999999999991,NaN
235.099999999991,NaN
235.199999999991,NaN
235.299999999991,NaN
235.399999999991,NaN
235.499999999991,NaN
235.599999999991,NaN
235.699999999991,NaN
235.799999999991,NaN
235.899999999991,NaN
235.999999999991,NaN
236.099999999991,NaN
236.199999999991,NaN
236.299999999991,NaN
236.399999999991,NaN
236.499999999991,NaN
236.599999999991,NaN
236.699999999991,NaN
236.799999999991,NaN
236.899999999991,NaN
236.999999999991,NaN
237.099999999991,NaN
237.199999999991,NaN
237.299999999991,NaN
237.399999999991,NaN
237.499999999991,NaN
237.599999999991,NaN
237.699999999991,NaN
237.799999999991,NaN
237.899999999991,NaN
237.999999999991,NaN
238.099999999991,NaN
238.199999999991,NaN
238.299999999991,NaN
238.399999999991,NaN
238.499999999991,NaN
238.599999999991,NaN
238.699999999991,NaN
238.799999999991,NaN
238.899999999991,NaN
238.999999999991,NaN
239.099999999991,NaN
239.199999999991,NaN
239.299999999991,NaN
239.399999999991,NaN
239.499999999991,NaN
239.599999999991,NaN
239.699999999991,NaN
239.799999999991,NaN
239.899999999991,NaN
239.999999999991,NaN
240.099999999991,NaN
240.199999999991,NaN
240.299999999991,NaN
240.399999999991,NaN
240.499999999991,NaN
240.599999999991,NaN
240.699999999991,NaN
240.799999999991,NaN
240.899999999991,NaN
240.999999999991,NaN
241.099999999991,NaN
241.199999999991,NaN
241.299999999991,NaN
241.399999999991,NaN
241.499999999991,NaN
241.599999999991,NaN
241.699999999991,NaN
241.799999999991,NaN
241.899999999991,NaN
241.999999999991,NaN
242.099999999991,NaN
242.199999999991,NaN
242.299999999991,NaN
242.399999999991,NaN
242.499999999991,NaN
242.599999999991,NaN
242.69999999999,NaN
242.79999999999,NaN
242.89999999999,NaN
242.99999999999,NaN
243.09999999999,NaN
243.19999999999,NaN
243.29999999999,NaN
243.39999999999,NaN
243.49999999999,NaN
243.59999999999,NaN
243.69999999999,NaN
243.79999999999,NaN
243.89999999999,NaN
243.99999999999,NaN
244.09999999999,NaN
244.19999999999,NaN
244.29999999999,NaN
244.39999999999,NaN
244.49999999999,NaN
244.59999999999,NaN
244.69999999999,NaN
244.79999999999,NaN
244.89999999999,NaN
244.99999999999,NaN
245.09999999999,NaN
245.19999999999,NaN
245.29999999999,NaN
245.39999999999,NaN
245.49999999999,NaN
245.59999999999,NaN
245.69999999999,NaN
245.79999999999,NaN
245.89999999999,NaN
245.99999999999,NaN
246.09999999999,NaN
246.19999999999,NaN
246.29999999999,NaN
246.39999999999,NaN
246.49999999999,NaN
246.59999999999,NaN
246.69999999999,NaN
246.79999999999,NaN
246.89999999999,NaN
246.99999999999,NaN
247.09999999999,NaN
247.19999999999,NaN
247.29999999999,NaN
247.39999999999,NaN
247.49999999999,NaN
247.59999999999,NaN
247.69999999999,NaN
247.79999999999,NaN
247.89999999999,NaN
247.99999999999,NaN
248.09999999999,NaN
248.19999999999,NaN
248.29999999999,NaN
248.39999999999,NaN
248.49999999999,NaN
248.59999999999,NaN
248.69999999999,NaN
248.79999999999,NaN
248.89999999999,NaN
248.99999999999,NaN
249.09999999999,NaN
249.19999999999,NaN
249.29999999999,NaN
249.39999999999,NaN
249.49999999999,NaN
249.59999999999,NaN
249.69999999999,NaN
249.79999999999,NaN
249.89999999999,NaN
249.99999999999,NaN
250.09999999999,NaN
250.19999999999,NaN
250.29999999999,NaN
250.39999999999,NaN
250.49999999999,NaN
250.59999999999,NaN
250.69999999999,NaN
250.79999999999,NaN
250.89999999999,NaN
250.99999999999,NaN
251.09999999999,NaN
251.19999999999,NaN
251.29999999999,NaN
251.39999999999,NaN
251.49999999999,NaN
251.59999999999,NaN
251.69999999999,NaN
251.79999999999,NaN
251.89999999999,NaN
251.99999999999,NaN
252.09999999999,NaN
252.19999999999,NaN
252.29999999999,NaN
252.39999999999,NaN
252.49999999999,NaN
252.59999999999,NaN
252.69999999999,NaN
252.79999999999,NaN
252.89999999999,NaN
252.99999999999,NaN
253.09999999999,NaN
253.19999999999,NaN
253.29999999999,NaN
253.39999999999,NaN
253.49999999999,NaN
253.59999999999,NaN
253.69999999999,NaN
253.79999999999,NaN
253.89999999999,NaN
253.99999999999,NaN
254.09999999999,NaN
254.19999999999,NaN
254.29999999999,NaN
254.39999999999,NaN
254.49999999999,NaN
254.59999999999,NaN
254.69999999999,NaN
254.79999999999,NaN
254.89999999999,NaN
254.99999999999,NaN
255.09999999999,NaN
255.19999999999,NaN
255.29999999999,NaN
255.39999999999,NaN
255.49999999999,NaN
255.59999999999,NaN
255.69999999999,NaN
255.79999999999,NaN
255.89999999999,NaN
255.99999999999,NaN
256.09999999999,NaN
256.19999999999,NaN
256.29999999999,NaN
256.39999999999,NaN
256.49999999999,NaN
256.59999999999,NaN
256.69999999999,NaN
256.79999999999,NaN
256.89999999999,NaN
256.99999999999,NaN
257.09999999999,NaN
257.19999999999,NaN
257.29999999999,NaN
257.39999999999,NaN
257.49999999999,NaN
257.59999999999,NaN
257.69999999999,NaN
257.79999999999,NaN
257.89999999999,NaN
257.99999999999,NaN
258.09999999999,NaN
258.19999999999,NaN
258.29999999999,NaN
258.39999999999,NaN
258.49999999999,NaN
258.59999999999,NaN
258.69999999999,NaN
258.79999999999,NaN
258.89999999999,NaN
258.99999999999,NaN
259.09999999999,NaN
259.19999999999,NaN
259.29999999999,NaN
259.39999999999,NaN
259.499999999991,NaN
259.599999999991,NaN
259.699999999991,NaN
259.799999999991,NaN
259.899999999991,NaN
259.999999999991,NaN
260.099999999991,NaN
260.199999999991,NaN
260.299999999991,NaN
260.399999999991,NaN
260.499999999991,NaN
260.599999999991,NaN
260.699999999991,NaN
260.799999999991,NaN
260.899999999991,NaN
260.999999999991,NaN
261.099999999991,NaN
261.199999999991,NaN
261.299999999991,NaN
261.399999999991,NaN
261.499999999991,NaN
261.599999999991,NaN
261.699999999991,NaN
261.799999999991,NaN
261.899999999991,NaN
261.999999999991,NaN
262.099999999991,NaN
262.199999999991,NaN
262.299999999991,NaN
262.399999999991,NaN
262.499999999991,NaN
262.599999999991,NaN
262.699999999991,NaN
262.799999999991,NaN
262.899999999991,NaN
262.999999999991,NaN
263.099999999991,NaN
263.199999999991,NaN
263.299999999991,NaN
263.399999999991,NaN
263.499999999991,NaN
263.599999999991,NaN
263.699999999991,NaN
263.799999999991,NaN
263.899999999992,NaN
263.999999999992,NaN
264.099999999992,NaN
264.199999999992,NaN
264.299999999992,NaN
264.399999999992,NaN
264.499999999992,NaN
264.599999999992,NaN
264.699999999992,NaN
264.799999999992,NaN
264.899999999992,NaN
264.999999999992,NaN
265.099999999992,NaN
265.199999999992,NaN
265.299999999992,NaN
265.399999999992,NaN
265.499999999992,NaN
265.599999999992,NaN
265.699999999992,NaN
265.799999999992,NaN
265.899999999992,NaN
265.999999999992,NaN
266.099999999992,NaN
266.199999999992,NaN
266.299999999992,NaN
266.399999999992,NaN
266.499999999992,NaN
266.599999999992,NaN
266.699999999992,NaN
266.799999999992,NaN
266.899999999992,NaN
266.999999999992,NaN
267.099999999992,NaN
267.199999999992,NaN
267.299999999992,NaN
267.399999999992,NaN
267.499999999992,NaN
267.599999999992,NaN
267.699999999992,NaN
267.799999999992,NaN
267.899999999992,NaN
267.999999999992,NaN
268.099999999992,NaN
268.199999999992,NaN
268.299999999993,NaN
268.399999999993,NaN
268.499999999993,NaN
268.599999999993,NaN
268.699999999993,NaN
268.799999999993,NaN
268.899999999993,NaN
268.999999999993,NaN
269.099999999993,NaN
269.199999999993,NaN
269.299999999993,NaN
269.399999999993,NaN
269.499999999993,NaN
269.599999999993,NaN
269.699999999993,NaN
269.799999999993,NaN
269.899999999993,NaN
269.999999999993,NaN
270.099999999993,NaN
270.199999999993,NaN
270.299999999993,NaN
270.399999999993,NaN
270.499999999993,NaN
270.599999999993,NaN
270.699999999993,NaN
270.799999999993,NaN
270.899999999993,NaN
270.999999999993,NaN
271.099999999993,NaN
271.199999999993,NaN
271.299999999993,NaN
271.399999999993,NaN
271.499999999993,NaN
271.599999999993,NaN
271.699999999993,NaN
271.799999999993,NaN
271.899999999993,NaN
271.999999999993,NaN
272.099999999993,NaN
272.199999999993,NaN
272.299999999993,NaN
272.399999999993,NaN
272.499999999993,NaN
272.599999999993,NaN
272.699999999994,NaN
272.799999999994,NaN
272.899999999994,NaN
272.999999999994,NaN
273.099999999994,NaN
273.199999999994,NaN
273.299999999994,NaN
273.399999999994,NaN
273.499999999994,NaN
273.599999999994,NaN
273.699999999994,NaN
273.799999999994,NaN
273.899999999994,NaN
273.999999999994,NaN
274.099999999994,NaN
274.199999999994,NaN
274.299999999994,NaN
274.399999999994,NaN
274.499999999994,NaN
274.599999999994,NaN
274.699999999994,NaN
274.799999999994,NaN
274.899999999994,NaN
274.999999999994,NaN
275.099999999994,NaN
275.199999999994,NaN
275.299999999994,NaN
275.399999999994,NaN
275.499999999994,NaN
275.599999999994,NaN
275.699999999994,NaN
275.799999999994,NaN
275.899999999994,NaN
275.999999999994,NaN
276.099999999994,NaN
276.199999999994,NaN
276.299999999994,NaN
276.399999999994,NaN
276.499999999994,NaN
276.599999999994,NaN
276.699999999994,NaN
276.799999999994,NaN
276.899999999994,NaN
276.999999999994,NaN
277.099999999995,NaN
277.199999999995,NaN
277.299999999995,NaN
277.399999999995,NaN
277.499999999995,NaN
277.599999999995,NaN
277.699999999995,NaN
277.799999999995,NaN
277.899999999995,NaN
277.999999999995,NaN
278.099999999995,NaN
278.199999999995,NaN
278.299999999995,NaN
278.399999999995,NaN
278.499999999995,NaN
278.599999999995,NaN
278.699999999995,NaN
278.799999999995,NaN
278.899999999995,NaN
278.999999999995,NaN
279.099999999995,NaN
279.199999999995,NaN
279.299999999995,NaN
279.399999999995,NaN
279.499999999995,NaN
279.599999999995,NaN
279.699999999995,NaN
279.799999999995,NaN
279.899999999995,NaN
279.999999999995,NaN
280.099999999995,NaN
280.199999999995,NaN
280.299999999995,NaN
280.399999999995,NaN
280.499999999995,NaN
280.599999999995,NaN
280.699999999995,NaN
280.799999999995,NaN
280.899999999995,NaN
280.999999999995,NaN
281.099999999995,NaN
281.199999999995,NaN
281.299999999995,NaN
281.399999999995,NaN
281.499999999996,NaN
281.599999999996,NaN
281.699999999996,NaN
281.799999999996,NaN
281.899999999996,NaN
281.999999999996,NaN
282.099999999996,NaN
282.199999999996,NaN
282.299999999996,NaN
282.399999999996,NaN
282.499999999996,NaN
282.599999999996,NaN
282.699999999996,NaN
282.799999999996,NaN
282.899999999996,NaN
282.999999999996,NaN
283.099999999996,NaN
283.199999999996,NaN
283.299999999996,NaN
283.399999999996,NaN
283.499999999996,NaN
283.599999999996,NaN
283.699999999996,NaN
283.799999999996,NaN
283.899999999996,NaN
283.999999999996,NaN
284.099999999996,NaN
284.199999999996,NaN
284.299999999996,NaN
284.399999999996,NaN
284.499999999996,NaN
284.599999999996,NaN
284.699999999996,NaN
284.799999999996,NaN
284.899999999996,NaN
284.999999999996,NaN
285.099999999996,NaN
285.199999999996,NaN
285.299999999996,NaN
285.399999999996,NaN
285.499999999996,NaN
285.599999999996,NaN
285.699999999996,NaN
285.799999999996,NaN
285.899999999997,NaN
285.999999999997,NaN
286.099999999997,NaN
286.199999999997,NaN
286.299999999997,NaN
286.399999999997,NaN
286.499999999997,NaN
286.599999999997,NaN
286.699999999997,NaN
286.799999999997,NaN
286.899999999997,NaN
286.999999999997,NaN
287.099999999997,NaN
287.199999999997,NaN
287.299999999997,NaN
287.399999999997,NaN
287.499999999997,NaN
287.599999999997,NaN
287.699999999997,NaN
287.799999999997,NaN
287.899999999997,NaN
287.999999999997,NaN
288.099999999997,NaN
288.199999999997,NaN
288.299999999997,NaN
288.399999999997,NaN
288.499999999997,NaN
288.599999999997,NaN
288.699999999997,NaN
288.799999999997,NaN
288.899999999997,NaN
288.999999999997,NaN
289.099999999997,NaN
289.199999999997,NaN
289.299999999997,NaN
289.399999999997,NaN
289.499999999997,NaN
289.599999999997,NaN
289.699999999997,NaN
289.799999999997,NaN
289.899999999997,NaN
289.999999999997,NaN
290.099999999997,NaN
290.199999999997,NaN
290.299999999998,NaN
290.399999999998,NaN
290.499999999998,NaN
290.599999999998,NaN
290.699999999998,NaN
290.799999999998,NaN
290.899999999998,NaN
290.999999999998,NaN
291.099999999998,NaN
291.199999999998,NaN
291.299999999998,NaN
291.399999999998,NaN
291.499999999998,NaN
291.599999999998,NaN
291.699999999998,NaN
291.799999999998,NaN
291.899999999998,NaN
291.999999999998,NaN
292.099999999998,NaN
292.199999999998,NaN
292.299999999998,NaN
292.399999999998,NaN
292.499999999998,NaN
292.599999999998,NaN
292.699999999998,NaN
292.799999999998,NaN
292.899999999998,NaN
292.999999999998,NaN
293.099999999998,NaN
293.199999999998,NaN
293.299999999998,NaN
293.399999999998,NaN
293.499999999998,NaN
293.599999999998,NaN
293.699999999998,NaN
293.799999999998,NaN
293.899999999998,NaN
293.999999999998,NaN
294.099999999998,NaN
294.199999999998,NaN
294.299999999998,NaN
294.399999999998,NaN
294.499999999998,NaN
294.599999999998,NaN
294.699999999999,NaN
294.799999999999,NaN
294.899999999999,NaN
294.999999999999,NaN
295.099999999999,NaN
295.199999999999,NaN
295.299999999999,NaN
295.399999999999,NaN
295.499999999999,NaN
295.599999999999,NaN
295.699999999999,NaN
295.799999999999,NaN
295.899999999999,NaN
295.999999999999,NaN
296.099999999999,NaN
296.199999999999,NaN
296.299999999999,NaN
296.399999999999,NaN
296.499999999999,NaN
296.599999999999,NaN
296.699999999999,NaN
296.799999999999,NaN
296.899999999999,NaN
296.999999999999,NaN
297.099999999999,NaN
297.199999999999,NaN
297.299999999999,NaN
297.399999999999,NaN
297.499999999999,NaN
297.599999999999,NaN
297.699999999999,NaN
297.799999999999,NaN
297.899999999999,NaN
297.999999999999,NaN
298.099999999999,NaN
298.199999999999,NaN
298.299999999999,NaN
298.399999999999,NaN
298.499999999999,NaN
298.599999999999,NaN
298.699999999999,NaN
298.799999999999,NaN
298.899999999999,NaN
298.999999999999,NaN
299.1,NaN
299.2,NaN
299.3,NaN
299.4,NaN
299.5,NaN
299.6,NaN
299.7,NaN
299.8,NaN
299.9,NaN
300,NaN
300.1,NaN
300.2,NaN
300.3,NaN
300.4,NaN
300.5,NaN
300.6,NaN
300.7,NaN
300.8,NaN
300.9,NaN
301,NaN
301.1,NaN
301.2,NaN
301.3,NaN
301.4,NaN
301.5,NaN
301.6,NaN
301.7,NaN
301.8,NaN
301.9,NaN
302,NaN
302.1,NaN
302.2,NaN
302.3,NaN
302.4,NaN
302.5,NaN
302.6,NaN
302.7,NaN
302.8,NaN
302.9,NaN
303,NaN
303.1,NaN
303.2,NaN
303.3,NaN
303.4,NaN
303.500000000001,NaN
303.600000000001,NaN
303.700000000001,NaN
303.800000000001,NaN
303.900000000001,NaN
304.000000000001,NaN
304.100000000001,NaN
304.200000000001,NaN
304.300000000001,NaN
304.400000000001,NaN
304.500000000001,NaN
304.600000000001,NaN
304.700000000001,NaN
304.800000000001,NaN
304.900000000001,NaN
305.000000000001,NaN
305.100000000001,NaN
305.200000000001,NaN
305.300000000001,NaN
305.400000000001,NaN
305.500000000001,NaN
305.600000000001,NaN
305.700000000001,NaN
305.800000000001,NaN
305.900000000001,NaN
306.000000000001,NaN
306.100000000001,NaN
306.200000000001,NaN
306.300000000001,NaN
306.400000000001,NaN
306.500000000001,NaN
306.600000000001,NaN
306.700000000001,NaN
306.800000000001,NaN
306.900000000001,NaN
307.000000000001,NaN
307.100000000001,NaN
307.200000000001,NaN
307.300000000001,NaN
307.400000000001,NaN
307.500000000001,NaN
307.600000000001,NaN
307.700000000001,NaN
307.800000000001,NaN
307.900000000002,NaN
308.000000000002,NaN
308.100000000002,NaN
308.200000000002,NaN
308.300000000002,NaN
308.400000000002,NaN
308.500000000002,NaN
308.600000000002,NaN
308.700000000002,NaN
308.800000000002,NaN
308.900000000002,NaN
309.000000000002,NaN
309.100000000002,NaN
309.200000000002,NaN
309.300000000002,NaN
309.400000000002,NaN
309.500000000002,NaN
309.600000000002,NaN
309.700000000002,NaN
309.800000000002,NaN
309.900000000002,NaN
310.000000000002,NaN
310.100000000002,NaN
310.200000000002,NaN
310.300000000002,NaN
310.400000000002,NaN
310.500000000002,NaN
310.600000000002,NaN
310.700000000002,NaN
310.800000000002,NaN
310.900000000002,NaN
311.000000000002,NaN
311.100000000002,NaN
311.200000000002,NaN
311.300000000002,NaN
311.400000000002,NaN
311.500000000002,NaN
311.600000000002,NaN
311.700000000002,NaN
311.800000000002,NaN
311.900000000002,NaN
312.000000000002,NaN
312.100000000002,NaN
312.200000000002,NaN
312.300000000003,NaN
312.400000000003,NaN
312.500000000003,NaN
312.600000000003,NaN
312.700000000003,NaN
312.800000000003,NaN
312.900000000003,NaN
313.000000000003,NaN
313.100000000003,NaN
313.200000000003,NaN
313.300000000003,NaN
313.400000000003,NaN
313.500000000003,NaN
313.600000000003,NaN
313.700000000003,NaN
313.800000000003,NaN
313.900000000003,NaN
314.000000000003,NaN
314.100000000003,NaN
314.200000000003,NaN
314.300000000003,NaN
314.400000000003,NaN
314.500000000003,NaN
314.600000000003,NaN
314.700000000003,NaN
314.800000000003,NaN
314.900000000003,NaN
315.000000000003,NaN
315.100000000003,NaN
315.200000000003,NaN
315.300000000003,NaN
315.400000000003,NaN
315.500000000003,NaN
315.600000000003,NaN
315.700000000003,NaN
315.800000000003,NaN
315.900000000003,NaN
316.000000000003,NaN
316.100000000003,NaN
316.200000000003,NaN
316.300000000003,NaN
316.400000000003,NaN
316.500000000003,NaN
316.600000000003,NaN
316.700000000004,NaN
316.800000000004,NaN
316.900000000004,NaN
317.000000000004,NaN
317.100000000004,NaN
317.200000000004,NaN
317.300000000004,NaN
317.400000000004,NaN
317.500000000004,NaN
317.600000000004,NaN
317.700000000004,NaN
317.800000000004,NaN
317.900000000004,NaN
318.000000000004,NaN
318.100000000004,NaN
318.200000000004,NaN
318.300000000004,NaN
318.400000000004,NaN
318.500000000004,NaN
318.600000000004,NaN
318.700000000004,NaN
318.800000000004,NaN
318.900000000004,NaN
319.000000000004,NaN
319.100000000004,NaN
319.200000000004,NaN
319.300000000004,NaN
319.400000000004,NaN
319.500000000004,NaN
319.600000000004,NaN
319.700000000004,NaN
319.800000000004,NaN
319.900000000004,NaN
320.000000000004,NaN
320.100000000004,NaN
320.200000000004,NaN
320.300000000004,NaN
320.400000000004,NaN
320.500000000004,NaN
320.600000000004,NaN
320.700000000004,NaN
320.800000000004,NaN
320.900000000004,NaN
321.000000000004,NaN
321.100000000005,NaN
321.200000000005,NaN
321.300000000005,NaN
321.400000000005,NaN
321.500000000005,NaN
321.600000000005,NaN
321.700000000005,NaN
321.800000000005,NaN
321.900000000005,NaN
322.000000000005,NaN
322.100000000005,NaN
322.200000000005,NaN
322.300000000005,NaN
322.400000000005,NaN
322.500000000005,NaN
322.600000000005,NaN
322.700000000005,NaN
322.800000000005,NaN
322.900000000005,NaN
323.000000000005,NaN
323.100000000005,NaN
323.200000000005,NaN
323.300000000005,NaN
323.400000000005,NaN
323.500000000005,NaN
323.600000000005,NaN
323.700000000005,NaN
323.800000000005,NaN
323.900000000005,NaN
324.000000000005,NaN
324.100000000005,NaN
324.200000000005,NaN
324.300000000005,NaN
324.400000000005,NaN
324.500000000005,NaN
324.600000000005,NaN
324.700000000005,NaN
324.800000000005,NaN
324.900000000005,NaN
325.000000000005,NaN
325.100000000005,NaN
325.200000000005,NaN
325.300000000005,NaN
325.400000000005,NaN
325.500000000006,NaN
325.600000000006,NaN
325.700000000006,NaN
325.800000000006,NaN
325.900000000006,NaN
326.000000000006,NaN
326.100000000006,NaN
326.200000000006,NaN
326.300000000006,NaN
326.400000000006,NaN
326.500000000006,NaN
326.600000000006,NaN
326.700000000006,NaN
326.800000000006,NaN
326.900000000006,NaN
327.000000000006,NaN
327.100000000006,NaN
327.200000000006,NaN
327.300000000006,NaN
327.400000000006,NaN
327.500000000006,NaN
327.600000000006,NaN
327.700000000006,NaN
327.800000000006,NaN
327.900000000006,NaN
328.000000000006,NaN
328.100000000006,NaN
328.200000000006,NaN
328.300000000006,NaN
328.400000000006,NaN
328.500000000006,NaN
328.600000000006,NaN
328.700000000006,NaN
328.800000000006,NaN
328.900000000006,NaN
329.000000000006,NaN
329.100000000006,NaN
329.200000000006,NaN
329.300000000006,NaN
329.400000000006,NaN
329.500000000006,NaN
329.600000000006,NaN
329.700000000006,NaN
329.800000000006,NaN
329.900000000007,NaN
330.000000000007,NaN
330.100000000007,NaN
330.200000000007,NaN
330.300000000007,NaN
330.400000000007,NaN
330.500000000007,NaN
330.600000000007,NaN
330.700000000007,NaN
330.800000000007,NaN
330.900000000007,NaN
331.000000000007,NaN
331.100000000007,NaN
331.200000000007,NaN
331.300000000007,NaN
331.400000000007,NaN
331.500000000007,NaN
331.600000000007,NaN
331.700000000007,NaN
331.800000000007,NaN
331.900000000007,NaN
332.000000000007,NaN
332.100000000007,NaN
332.200000000007,NaN
332.300000000007,NaN
332.400000000007,NaN
332.500000000007,NaN
332.600000000007,NaN
332.700000000007,NaN
332.800000000007,NaN
332.900000000007,NaN
333.000000000007,NaN
333.100000000007,NaN
333.200000000007,NaN
333.300000000007,NaN
333.400000000007,NaN
333.500000000007,NaN
333.600000000007,NaN
333.700000000007,NaN
333.800000000007,NaN
333.900000000007,NaN
334.000000000007,NaN
334.100000000007,NaN
334.200000000007,NaN
334.300000000008,NaN
334.400000000008,NaN
334.500000000008,NaN
334.600000000008,NaN
334.700000000008,NaN
334.800000000008,NaN
334.900000000008,NaN
335.000000000008,NaN
335.100000000008,NaN
335.200000000008,NaN
335.300000000008,NaN
335.400000000008,NaN
335.500000000008,NaN
335.600000000008,NaN
335.700000000008,NaN
335.800000000008,NaN
335.900000000008,NaN
336.000000000008,NaN
336.100000000008,NaN
336.200000000008,NaN
336.300000000008,NaN
336.400000000008,NaN
336.500000000008,NaN
336.600000000008,NaN
336.700000000008,NaN
336.800000000008,NaN
336.900000000008,NaN
337.000000000008,NaN
337.100000000008,NaN
337.200000000008,NaN
337.300000000008,NaN
337.400000000008,NaN
337.500000000008,NaN
337.600000000008,NaN
337.700000000008,NaN
337.800000000008,NaN
337.900000000008,NaN
338.000000000008,NaN
338.100000000008,NaN
338.200000000008,NaN
338.300000000008,NaN
338.400000000008,NaN
338.500000000008,NaN
338.600000000008,NaN
338.700000000009,NaN
338.800000000009,NaN
338.900000000009,NaN
339.000000000009,NaN
339.100000000009,NaN
339.200000000009,NaN
339.300000000009,NaN
339.400000000009,NaN
339.500000000009,NaN
339.600000000009,NaN
339.700000000009,NaN
339.800000000009,NaN
339.900000000009,NaN
340.000000000009,NaN
340.100000000009,NaN
340.200000000009,NaN
340.300000000009,NaN
340.400000000009,NaN
340.500000000009,NaN
340.600000000009,NaN
340.700000000009,NaN
340.800000000009,NaN
340.900000000009,NaN
341.000000000009,NaN
341.100000000009,NaN
341.200000000009,NaN
341.300000000009,NaN
341.400000000009,NaN
341.500000000009,NaN
341.600000000009,NaN
341.700000000009,NaN
341.800000000009,NaN
341.900000000009,NaN
342.000000000009,NaN
342.100000000009,NaN
342.200000000009,NaN
342.300000000009,NaN
342.400000000009,NaN
342.500000000009,NaN
342.600000000009,NaN
342.700000000009,NaN
342.800000000009,NaN
342.900000000009,NaN
343.000000000009,NaN
343.10000000001,NaN
343.20000000001,NaN
343.30000000001,NaN
343.40000000001,NaN
343.50000000001,NaN
343.60000000001,NaN
343.70000000001,NaN
343.80000000001,NaN
343.90000000001,NaN
344.00000000001,NaN
344.10000000001,NaN
344.20000000001,NaN
344.30000000001,NaN
344.40000000001,NaN
344.50000000001,NaN
344.60000000001,NaN
344.70000000001,NaN
344.80000000001,NaN
344.90000000001,NaN
345.00000000001,NaN
345.10000000001,NaN
345.20000000001,NaN
345.30000000001,NaN
345.40000000001,NaN
345.50000000001,NaN
345.60000000001,NaN
345.70000000001,NaN
345.80000000001,NaN
345.90000000001,NaN
346.00000000001,NaN
346.10000000001,NaN
346.20000000001,NaN
346.30000000001,NaN
346.40000000001,NaN
346.50000000001,NaN
346.60000000001,NaN
346.70000000001,NaN
346.80000000001,NaN
346.90000000001,NaN
347.00000000001,NaN
347.10000000001,NaN
347.20000000001,NaN
347.30000000001,NaN
347.40000000001,NaN
347.500000000011,NaN
347.600000000011,NaN
347.700000000011,NaN
347.800000000011,NaN
347.900000000011,NaN
348.000000000011,NaN
348.100000000011,NaN
348.200000000011,NaN
348.300000000011,NaN
348.400000000011,NaN
348.500000000011,NaN
348.600000000011,NaN
348.700000000011,NaN
348.800000000011,NaN
348.900000000011,NaN
349.000000000011,NaN
349.100000000011,NaN
349.200000000011,NaN
349.300000000011,NaN
349.400000000011,NaN
349.500000000011,NaN
349.600000000011,NaN
349.700000000011,NaN
349.800000000011,NaN
349.900000000011,NaN
350.000000000011,NaN
350.100000000011,NaN
350.200000000011,NaN
350.300000000011,NaN
350.400000000011,NaN
350.500000000011,NaN
350.600000000011,NaN
350.700000000011,NaN
350.800000000011,NaN
350.900000000011,NaN
351.000000000011,NaN
351.100000000011,NaN
351.200000000011,NaN
351.300000000011,NaN
351.400000000011,NaN
351.500000000011,NaN
351.600000000011,NaN
351.700000000011,NaN
351.800000000011,NaN
351.900000000012,NaN
352.000000000012,NaN
352.100000000012,NaN
352.200000000012,NaN
352.300000000012,NaN
352.400000000012,NaN
352.500000000012,NaN
352.600000000012,NaN
352.700000000012,NaN
352.800000000012,NaN
352.900000000012,NaN
353.000000000012,NaN
353.100000000012,NaN
353.200000000012,NaN
353.300000000012,NaN
353.400000000012,NaN
353.500000000012,NaN
353.600000000012,NaN
353.700000000012,NaN
353.800000000012,NaN
353.900000000012,NaN
354.000000000012,NaN
354.100000000012,NaN
354.200000000012,NaN
354.300000000012,NaN
354.400000000012,NaN
354.500000000012,NaN
354.600000000012,NaN
354.700000000012,NaN
354.800000000012,NaN
354.900000000012,NaN
355.000000000012,NaN
355.100000000012,NaN
355.200000000012,NaN
355.300000000012,NaN
355.400000000012,NaN
355.500000000012,NaN
355.600000000012,NaN
355.700000000012,NaN
355.800000000012,NaN
355.900000000012,NaN
356.000000000012,NaN
356.100000000012,NaN
356.200000000012,NaN
356.300000000013,NaN
356.400000000013,NaN
356.500000000013,NaN
356.600000000013,NaN
356.700000000013,NaN
356.800000000013,NaN
356.900000000013,NaN
357.000000000013,NaN
357.100000000013,NaN
357.200000000013,NaN
357.300000000013,NaN
357.400000000013,NaN
357.500000000013,NaN
357.600000000013,NaN
357.700000000013,NaN
357.800000000013,NaN
357.900000000013,NaN
358.000000000013,NaN
358.100000000013,NaN
358.200000000013,NaN
358.300000000013,NaN
358.400000000013,NaN
358.500000000013,NaN
358.600000000013,NaN
358.700000000013,NaN
358.800000000013,NaN
358.900000000013,NaN
359.000000000013,NaN
359.100000000013,NaN
359.200000000013,NaN
359.300000000013,NaN
359.400000000013,NaN
359.500000000013,NaN
359.600000000013,NaN
359.700000000013,NaN
359.800000000013,NaN
359.900000000013,NaN
360.000000000013,NaN
360.100000000013,NaN
360.200000000013,NaN
360.300000000013,NaN
360.400000000013,NaN
360.500000000013,NaN
360.600000000013,NaN
360.700000000014,NaN
360.800000000014,NaN
360.900000000014,NaN
361.000000000014,NaN
361.100000000014,NaN
361.200000000014,NaN
361.300000000014,NaN
361.400000000014,NaN
361.500000000014,NaN
361.600000000014,NaN
361.700000000014,NaN
361.800000000014,NaN
361.900000000014,NaN
362.000000000014,NaN
362.100000000014,NaN
362.200000000014,NaN
362.300000000014,NaN
362.400000000014,NaN
362.500000000014,NaN
362.600000000014,NaN
362.700000000014,NaN
362.800000000014,NaN
362.900000000014,NaN
363.000000000014,NaN
363.100000000014,NaN
363.200000000014,NaN
363.300000000014,NaN
363.400000000014,NaN
363.500000000014,NaN
363.600000000014,NaN
363.700000000014,NaN
363.800000000014,NaN
363.900000000014,NaN
364.000000000014,NaN
364.100000000014,NaN
364.200000000014,NaN
364.300000000014,NaN
364.400000000014,NaN
364.500000000014,NaN
364.600000000014,NaN
364.700000000014,NaN
364.800000000014,NaN
364.900000000014,NaN
365.000000000014,NaN
365.100000000015,NaN
365.200000000015,NaN
365.300000000015,NaN
365.400000000015,NaN
365.500000000015,NaN
365.600000000015,NaN
365.700000000015,NaN
365.800000000015,NaN
365.900000000015,NaN
366.000000000015,NaN
366.100000000015,NaN
366.200000000015,NaN
366.300000000015,NaN
366.400000000015,NaN
366.500000000015,NaN
366.600000000015,NaN
366.700000000015,NaN
366.800000000015,NaN
366.900000000015,NaN
367.000000000015,NaN
367.100000000015,NaN
367.200000000015,NaN
367.300000000015,NaN
367.400000000015,NaN
367.500000000015,NaN
367.600000000015,NaN
367.700000000015,NaN
367.800000000015,NaN
367.900000000015,NaN
368.000000000015,NaN
368.100000000015,NaN
368.200000000015,NaN
368.300000000015,NaN
368.400000000015,NaN
368.500000000015,NaN
368.600000000015,NaN
368.700000000015,NaN
368.800000000015,NaN
368.900000000015,NaN
369.000000000015,NaN
369.100000000015,NaN
369.200000000015,NaN
369.300000000015,NaN
369.400000000015,NaN
369.500000000016,NaN
369.600000000016,NaN
369.700000000016,NaN
369.800000000016,NaN
369.900000000016,NaN
370.000000000016,NaN
370.100000000016,NaN
370.200000000016,NaN
370.300000000016,NaN
370.400000000016,NaN
370.500000000016,NaN
370.600000000016,NaN
370.700000000016,NaN
370.800000000016,NaN
370.900000000016,NaN
371.000000000016,NaN
371.100000000016,NaN
371.200000000016,NaN
371.300000000016,NaN
371.400000000016,NaN
371.500000000016,NaN
371.600000000016,NaN
371.700000000016,NaN
371.800000000016,NaN
371.900000000016,NaN
372.000000000016,NaN
372.100000000016,NaN
372.200000000016,NaN
372.300000000016,NaN
372.400000000016,NaN
372.500000000016,NaN
372.600000000016,NaN
372.700000000016,NaN
372.800000000016,NaN
372.900000000016,NaN
373.000000000016,NaN
373.100000000016,NaN
373.200000000016,NaN
373.300000000016,NaN
373.400000000016,NaN
373.500000000016,NaN
373.600000000016,NaN
373.700000000016,NaN
373.800000000016,NaN
373.900000000017,NaN
374.000000000017,NaN
374.100000000017,NaN
374.200000000017,NaN
374.300000000017,NaN
374.400000000017,NaN
374.500000000017,NaN
374.600000000017,NaN
374.700000000017,NaN
374.800000000017,NaN
374.900000000017,NaN
375.000000000017,NaN
375.100000000017,NaN
375.200000000017,NaN
375.300000000017,NaN
375.400000000017,NaN
375.500000000017,NaN
375.600000000017,NaN
375.700000000017,NaN
375.800000000017,NaN
375.900000000017,NaN
376.000000000017,NaN
376.100000000017,NaN
376.200000000017,NaN
376.300000000017,NaN
376.400000000017,NaN
376.500000000017,NaN
376.600000000017,NaN
376.700000000017,NaN
376.800000000017,NaN
376.900000000017,NaN
377.000000000017,NaN
377.100000000017,NaN
377.200000000017,NaN
377.300000000017,NaN
377.400000000017,NaN
377.500000000017,NaN
377.600000000017,NaN
377.700000000017,NaN
377.800000000017,NaN
377.900000000017,NaN
378.000000000017,NaN
378.100000000017,NaN
378.200000000017,NaN
378.300000000018,NaN
378.400000000018,NaN
378.500000000018,NaN
378.600000000018,NaN
378.700000000018,NaN
378.800000000018,NaN
378.900000000018,NaN
379.000000000018,NaN
379.100000000018,NaN
379.200000000018,NaN
379.300000000018,NaN
379.400000000018,NaN
379.500000000018,NaN
379.600000000018,NaN
379.700000000018,NaN
379.800000000018,NaN
379.900000000018,NaN
380.000000000018,NaN
380.100000000018,NaN
380.200000000018,NaN
380.300000000018,NaN
380.400000000018,NaN
380.500000000018,NaN
380.600000000018,NaN
380.700000000018,NaN
380.800000000018,NaN
380.900000000018,NaN
381.000000000018,NaN
381.100000000018,NaN
381.200000000018,NaN
381.300000000018,NaN
381.400000000018,NaN
381.500000000018,NaN
381.600000000018,NaN
381.700000000018,NaN
381.800000000018,NaN
381.900000000018,NaN
382.000000000018,NaN
382.100000000018,NaN
382.200000000018,NaN
382.300000000018,NaN
382.400000000018,NaN
382.500000000018,NaN
382.600000000018,NaN
382.700000000019,NaN
382.800000000019,NaN
382.900000000019,NaN
383.000000000019,NaN
383.100000000019,NaN
383.200000000019,NaN
383.300000000019,NaN
383.400000000019,NaN
383.500000000019,NaN
383.600000000019,NaN
383.700000000019,NaN
383.800000000019,NaN
383.900000000019,NaN
384.000000000019,NaN
384.100000000019,NaN
384.200000000019,NaN
384.300000000019,NaN
384.400000000019,NaN
384.500000000019,NaN
384.600000000019,NaN
384.700000000019,NaN
384.800000000019,NaN
384.900000000019,NaN
385.000000000019,NaN
385.100000000019,NaN
385.200000000019,NaN
385.300000000019,NaN
385.400000000019,NaN
385.500000000019,NaN
385.600000000019,NaN
385.700000000019,NaN
385.800000000019,NaN
385.900000000019,NaN
386.000000000019,NaN
386.100000000019,NaN
386.200000000019,NaN
386.300000000019,NaN
386.400000000019,NaN
386.500000000019,NaN
386.600000000019,NaN
386.700000000019,NaN
386.800000000019,NaN
386.900000000019,NaN
387.000000000019,NaN
387.10000000002,NaN
387.20000000002,NaN
387.30000000002,NaN
387.40000000002,NaN
387.50000000002,NaN
387.60000000002,NaN
387.70000000002,NaN
387.80000000002,NaN
387.90000000002,NaN
388.00000000002,NaN
388.10000000002,NaN
388.20000000002,NaN
388.30000000002,NaN
388.40000000002,NaN
388.50000000002,NaN
388.60000000002,NaN
388.70000000002,NaN
388.80000000002,NaN
388.90000000002,NaN
389.00000000002,NaN
389.10000000002,NaN
389.20000000002,NaN
389.30000000002,NaN
389.40000000002,NaN
389.50000000002,NaN
389.60000000002,NaN
389.70000000002,NaN
389.80000000002,NaN
389.90000000002,NaN
390.00000000002,NaN
390.10000000002,NaN
390.20000000002,NaN
390.30000000002,NaN
390.40000000002,NaN
390.50000000002,NaN
390.60000000002,NaN
390.70000000002,NaN
390.80000000002,NaN
390.90000000002,NaN
391.00000000002,NaN
391.10000000002,NaN
391.20000000002,NaN
391.30000000002,NaN
391.40000000002,NaN
391.500000000021,NaN
391.600000000021,NaN
391.700000000021,NaN
391.800000000021,NaN
391.900000000021,NaN
392.000000000021,NaN
392.100000000021,NaN
392.200000000021,NaN
392.300000000021,NaN
392.400000000021,NaN
392.500000000021,NaN
392.600000000021,NaN
392.700000000021,NaN
392.800000000021,NaN
392.900000000021,NaN
393.000000000021,NaN
393.100000000021,NaN
393.200000000021,NaN
393.300000000021,NaN
393.400000000021,NaN
393.500000000021,NaN
393.600000000021,NaN
393.700000000021,NaN
393.800000000021,NaN
393.900000000021,NaN
394.000000000021,NaN
394.100000000021,NaN
394.200000000021,NaN
394.300000000021,NaN
394.400000000021,NaN
394.500000000021,NaN
394.600000000021,NaN
394.700000000021,NaN
394.800000000021,NaN
394.900000000021,NaN
395.000000000021,NaN
395.100000000021,NaN
395.200000000021,NaN
395.300000000021,NaN
395.400000000021,NaN
395.500000000021,NaN
395.600000000021,NaN
395.700000000021,NaN
395.800000000021,NaN
395.900000000022,NaN
396.000000000022,NaN
396.100000000022,NaN
396.200000000022,NaN
396.300000000022,NaN
396.400000000022,NaN
396.500000000022,NaN
396.600000000022,NaN
396.700000000022,NaN
396.800000000022,NaN
396.900000000022,NaN
397.000000000022,NaN
397.100000000022,NaN
397.200000000022,NaN
397.300000000022,NaN
397.400000000022,NaN
397.500000000022,NaN
397.600000000022,NaN
397.700000000022,NaN
397.800000000022,NaN
397.900000000022,NaN
398.000000000022,NaN
398.100000000022,NaN
398.200000000022,NaN
398.300000000022,NaN
398.400000000022,NaN
398.500000000022,NaN
398.600000000022,NaN
398.700000000022,NaN
398.800000000022,NaN
398.900000000022,NaN
399.000000000022,NaN
399.100000000022,NaN
399.200000000022,NaN
399.300000000022,NaN
399.400000000022,NaN
399.500000000022,NaN
399.600000000022,NaN
399.700000000022,NaN
399.800000000022,NaN
399.900000000022,NaN
400.000000000022,NaN
