0,0
0.1,2.60662887484496e-27
0.2,9.72212325717962e-23
0.3,4.33833634864948e-20
0.4,3.21460606169835e-18
0.5,9.01988834169574e-17
0.6,1.37294964057389e-15
0.7,1.3679415047629e-14
0.8,9.96996024596885e-14
0.9,5.71041275715216e-13
1,2.70005275339845e-12
1.1,1.09190610555242e-11
1.2,3.87759749329608e-11
1.3,1.23390095159774e-10
1.4,3.57449326021576e-10
1.5,9.54675869881813e-10
1.6,2.37497691949694e-09
1.7,5.54994978038933e-09
1.8,1.22686078499416e-08
1.9,2.58074074689695e-08
2,5.19177346547514e-08
2.1,1.00317294175881e-07
2.2,1.86868117309528e-07
2.3,3.36661409356005e-07
2.4,5.88265949237009e-07
2.5,9.99429612836105e-07
2.6,1.65454997875034e-06
2.7,2.67424700878573e-06
2.8,4.22737575011022e-06
2.9,6.5458075060225e-06
3,9.94228212183667e-06
3.1,1.48315907653196e-05
3.2,2.17552874724745e-05
3.3,3.14100492606043e-05
3.4,4.46797101349922e-05
3.5,6.26708860252947e-05
3.6,8.6751988534094e-05
3.7,0.000118595298953959
3.8,0.000160221644390154
3.9,0.000214047089407598
4,0.000282930933924658
4.1,0.000370224195563592
4.2,0.000479817656555675
4.3,0.000616188475395522
4.4,0.000784444304996293
4.5,0.00099036382469504
4.6,0.00124043258491629
4.7,0.00154187308163017
4.8,0.00190266802311443
4.9,0.00233157582330103
5,0.00283813745273033
5.1,0.0034326738977082
5.2,0.00412627361789439
5.3,0.00493076954895642
5.4,0.00585870536640592
5.5,0.00692329090531862
5.6,0.008138346814192
5.7,0.00951823870555085
5.8,0.0110778012469873
5.9,0.0128322528102271
5.99999999999999,0.0147971014589413
6.09999999999999,0.0169880432051308
6.19999999999999,0.0194208535961886
6.29999999999999,0.0221112738078665
6.39999999999999,0.0250748925105117
6.49999999999999,0.0283270248458085
6.59999999999999,0.0318825898981061
6.69999999999999,0.0357559880679771
6.79999999999999,0.0399609797561999
6.89999999999999,0.044510566744585
6.99999999999999,0.0494168776171034
7.09999999999999,0.0546910585021017
7.19999999999999,0.0603431703358062
7.29999999999999,0.0663820937508631
7.39999999999999,0.0728154425835879
7.49999999999999,0.0796494868722486
7.59999999999999,0.0868890860885606
7.69999999999999,0.0945376332080664
7.79999999999999,0.102597010084665
7.89999999999999,0.111067554452604
7.99999999999999,0.119948038737999
8.09999999999999,0.129235660723502
8.19999999999999,0.138926045976054
8.29999999999999,0.149013261820363
8.39999999999999,0.159489842521525
8.49999999999999,0.170346825230144
8.59999999999999,0.181573796143579
8.69999999999999,0.193158946248385
8.79999999999998,0.205089135932101
8.89999999999998,0.21734996768777
8.99999999999998,0.229925866082052
9.09999999999998,0.24280016411745
9.19999999999998,0.255955195090921
9.29999999999998,0.269372389034434
9.39999999999998,0.283032372817586
9.49999999999998,0.296915072997296
9.59999999999998,0.310999820514398
9.69999999999998,0.325265456360613
9.79999999999998,0.339690437371152
9.89999999999998,0.354252941337143
9.99999999999998,0.368930970677136
10.1,0.383702453957367
10.2,0.398545344605088
10.3,0.413437716217274
10.4,0.428357853927561
10.5,0.443284341356263
10.6,0.45819614273126
10.7,0.473072679830389
10.8,0.487893903458209
10.9,0.502640359230947
11,0.517293247502484
11.1,0.531834477320959
11.2,0.546246714359505
11.3,0.560513422815436
11.4,0.574618901319566
11.5,0.588548312941107
11.6,0.602287709413498
11.7,0.615824049742521
11.8,0.629145213390131
11.9,0.642240008255463
12,0.655098173698657
12.1,0.667710378873396
12.2,0.680068216650645
12.3,0.692164193429003
12.4,0.703991715136661
12.5,0.715545069736261
12.6,0.726819406547232
12.7,0.737810712700715
12.8,0.748515787040068
12.9,0.758932211775579
13,0.769058322195472
13.1,0.778893174726961
13.2,0.788436513631076
13.3,0.797688736603623
13.4,0.806650859542046
13.5,0.815324480724426
13.6,0.823711744632544
13.7,0.831815305636042
13.8,0.839638291739428
13.9,0.847184268578153
14,0.854457203834367
14.1,0.861461432227407
14.2,0.868201621218667
14.3,0.874682737555419
14.4,0.880910014763413
14.5,0.886888921683829
14.6,0.892625132136428
14.7,0.898124495777646
14.8,0.903393010209851
14.9,0.908436794386227
15,0.913262063344644
15.1,0.917875104293517
15.2,0.92228225406305
15.3,0.926489877926406
15.4,0.930504349787216
15.5,0.934332033722439
15.6,0.937979266862974
15.7,0.941452343588394
15.8,0.944757501006964
15.9,0.947900905687415
16,0.950888641605
16.1,0.953726699260913
16.2,0.956420965931334
16.3,0.958977217000032
16.4,0.961401108326649
16.5,0.963698169601425
16.6,0.965873798636171
16.7,0.96793325654079
16.8,0.969881663734393
16.9,0.971723996740258
17,0.973465085714242
17.1,0.975109612656967
17.2,0.97666211026101
17.3,0.978126961345417
17.4,0.979508398831153
17.5,0.980810506212542
17.6,0.982037218481285
17.7,0.983192323461296
17.8,0.984279463514354
17.9,0.98530213757835
18,0.986263703501727
18.1,0.987167380639633
18.2,0.988016252679117
18.3,0.988813270662638
18.4,0.989561256180991
18.5,0.990262904708607
18.6,0.990920789056004
18.7,0.991537362915928
18.8,0.992114964481472
18.9,0.99265582011611
19,0.993162048057226
19.1,0.993635662136264
19.2,0.994078575500123
19.3,0.994492604319846
19.4,0.994879471474015
19.5,0.995240810195562
19.6,0.99557816767191
19.7,0.995893008589529
19.8,0.996186718615072
19.9,0.996460607806254
20,0.996715913946616
20.1,0.996953805799176
20.2,0.997175386274807
20.3,0.99738169551191
20.4,0.99757371386471
20.5,0.997752364798063
20.6,0.997918517687338
20.7,0.998072990522403
20.8,0.998216552515267
20.9,0.998349926611369
21,0.998473791904889
21.1,0.998588785958809
21.2,0.998695507030778
21.3,0.998794516206103
21.4,0.998886339439431
21.5,0.9989714695069
21.6,0.999050367870721
21.7,0.999123466458292
21.8,0.999191169358103
21.9,0.999253854434747
22,0.999311874865501
22.1,0.999365560600925
22.2,0.999415219752059
22.3,0.999461139906751
22.4,0.999503589377709
22.5,0.999542818384869
22.6000000000001,0.99957906017464
22.7000000000001,0.999612532078583
22.8000000000001,0.999643436514057
22.9000000000001,0.999671961929315
23.0000000000001,0.999698283695491
23.1000000000001,0.999722564947876
23.2000000000001,0.999744957378833
23.3000000000001,0.999765601984607
23.4000000000001,0.999784629768279
23.5000000000001,0.999802162400988
23.6000000000001,0.999818312843531
23.7000000000001,0.999833185930331
23.8000000000001,0.999846878917747
23.9000000000001,0.999859481998576
24.0000000000001,0.999871078784558
24.1000000000001,0.999881746758627
24.2000000000001,0.999891557698548
24.3000000000001,0.999900578073549
24.4000000000001,0.999908869415462
24.5000000000001,0.999916488665826
24.6000000000001,0.999923488500343
24.7000000000001,0.999929917632007
24.8000000000001,0.999935821094165
24.9000000000001,0.999941240504714
25.0000000000001,0.999946214312556
25.1000000000001,0.99995077802741
25.2000000000001,0.999954964433992
25.3000000000001,0.999958803791537
25.4000000000001,0.99996232401958
25.5000000000001,0.999965550870866
25.6000000000001,0.99996850809221
25.7000000000001,0.999971217574079
25.8000000000001,0.999973699489624
25.9000000000001,0.99997597242386
26.0000000000001,0.999978053493634
26.1000000000001,0.999979958458994
26.2000000000001,0.999981701826533
26.3000000000001,0.999983296945252
26.4000000000001,0.999984756095439
26.5000000000001,0.999986090571051
26.6000000000001,0.999987310756041
26.7000000000001,0.999988426195036
26.8000000000001,0.999989445658787
26.9000000000001,0.999990377204722
27.0000000000001,0.999991228232978
27.1000000000001,0.999992005538207
27.2000000000001,0.999992715357473
27.3000000000001,0.999993363414513
27.4000000000001,0.999993954960626
27.5000000000001,0.999994494812427
27.6000000000001,0.999994987386711
27.7000000000001,0.999995436732613
27.8000000000001,0.999995846561293
27.9000000000001,0.999996220273294
28.0000000000001,0.999996560983784
28.1000000000001,0.999996871545803
28.2000000000001,0.999997154571692
28.3000000000001,0.999997412452828
28.4000000000001,0.999997647377794
28.5000000000001,0.999997861349104
28.6000000000001,0.999998056198597
28.7000000000001,0.999998233601593
28.8000000000001,0.999998395089918
28.9000000000001,0.999998542063875
29.0000000000001,0.999998675803246
29.1000000000001,0.999998797477407
29.2000000000001,0.999998908154612
29.3000000000001,0.999999008810523
29.4000000000001,0.999999100336042
29.5000000000001,0.9999991835445
29.6000000000002,0.999999259178248
29.7000000000002,0.999999327914708
29.8000000000002,0.999999390371925
29.9000000000002,0.999999447113647
30.0000000000002,0.999999498653992
30.1000000000002,0.999999545461721
30.2000000000002,0.999999587964149
30.3000000000002,0.999999626550732
30.4000000000002,0.999999661576351
30.5000000000002,0.999999693364313
30.6000000000002,0.999999722209105
30.7000000000002,0.99999974837891
30.8000000000002,0.999999772117906
30.9000000000002,0.999999793648374
31.0000000000002,0.999999813172621
31.1000000000002,0.999999830874742
31.2000000000002,0.999999846922226
31.3000000000002,0.999999861467424
31.4000000000002,0.999999874648894
31.5000000000002,0.999999886592624
31.6000000000002,0.999999897413153
31.7000000000002,0.999999907214591
31.8000000000002,0.999999916091553
31.9000000000002,0.999999924130008
32.0000000000002,0.999999931408054
32.1000000000002,0.99999993799663
32.2000000000002,0.999999943960156
32.3000000000002,0.999999949357127
32.4000000000002,0.999999954240643
32.5000000000002,0.999999958658903
32.6000000000002,0.999999962655648
32.7000000000002,0.999999966270566
32.8000000000002,0.999999969539663
32.9000000000002,0.999999972495596
33.0000000000002,0.999999975167984
33.1000000000002,0.999999977583683
33.2000000000002,0.999999979767041
33.3000000000002,0.999999981740128
33.4000000000002,0.999999983522945
33.5000000000002,0.999999985133618
33.6000000000002,0.999999986588569
33.7000000000002,0.999999987902672
33.8000000000002,0.999999989089402
33.9000000000002,0.99999999016096
34.0000000000002,0.999999991128392
34.1000000000002,0.999999992001701
34.2000000000002,0.999999992789938
34.3000000000002,0.999999993501298
34.4000000000002,0.999999994143194
34.5000000000002,0.999999994722333
34.6000000000002,0.999999995244783
34.7000000000002,0.999999995716032
34.8000000000002,0.999999996141044
34.9000000000002,0.999999996524307
35.0000000000002,0.999999996869877
35.1000000000002,0.999999997181422
35.2000000000002,0.999999997462257
35.3000000000002,0.999999997715378
35.4000000000002,0.999999997943491
35.5000000000002,0.999999998149042
35.6000000000002,0.99999999833424
35.7000000000002,0.99999999850108
35.8000000000002,0.999999998651362
35.9000000000002,0.999999998786715
36.0000000000002,0.999999998908606
36.1000000000002,0.999999999018362
36.2000000000002,0.999999999117179
36.3000000000002,0.999999999206136
36.4000000000002,0.999999999286208
36.5000000000002,0.999999999358275
36.6000000000003,0.999999999423128
36.7000000000003,0.999999999481483
36.8000000000003,0.999999999533986
36.9000000000003,0.999999999581217
37.0000000000003,0.999999999623702
37.1000000000003,0.999999999661913
37.2000000000003,0.999999999696275
37.3000000000003,0.999999999727174
37.4000000000003,0.999999999754955
37.5000000000003,0.99999999977993
37.6000000000003,0.999999999802381
37.7000000000003,0.999999999822559
37.8000000000003,0.999999999840693
37.9000000000003,0.999999999856989
38.0000000000003,0.99999999987163
38.1000000000003,0.999999999884785
38.2000000000003,0.999999999896601
38.3000000000003,0.999999999907215
38.4000000000003,0.999999999916748
38.5000000000003,0.999999999925309
38.6000000000003,0.999999999932996
38.7000000000003,0.999999999939898
38.8000000000003,0.999999999946094
38.9000000000003,0.999999999951656
39.0000000000003,0.999999999956649
39.1000000000003,0.999999999961129
39.2000000000003,0.99999999996515
39.3000000000003,0.999999999968758
39.4000000000003,0.999999999971995
39.5000000000003,0.999999999974899
39.6000000000003,0.999999999977504
39.7000000000003,0.99999999997984
39.8000000000003,0.999999999981936
39.9000000000003,0.999999999983815
40.0000000000003,0.9999999999855
40.1000000000003,0.999999999987011
40.2000000000003,0.999999999988365
40.3000000000003,0.999999999989579
40.4000000000003,0.999999999990667
40.5000000000003,0.999999999991643
40.6000000000003,0.999999999992517
40.7000000000003,0.9999999999933
40.8000000000003,0.999999999994002
40.9000000000003,0.999999999994631
41.0000000000003,0.999999999995194
41.1000000000003,0.999999999995698
41.2000000000003,0.99999999999615
41.3000000000003,0.999999999996555
41.4000000000003,0.999999999996917
41.5000000000003,0.999999999997242
41.6000000000003,0.999999999997533
41.7000000000003,0.999999999997793
41.8000000000003,0.999999999998026
41.9000000000003,0.999999999998234
42.0000000000003,0.999999999998421
42.1000000000003,0.999999999998588
42.2000000000003,0.999999999998737
42.3000000000003,0.999999999998871
42.4000000000003,0.99999999999899
42.5000000000003,0.999999999999097
42.6000000000003,0.999999999999193
42.7000000000003,0.999999999999279
42.8000000000003,0.999999999999355
42.9000000000003,0.999999999999424
43.0000000000003,0.999999999999485
43.1000000000003,0.99999999999954
43.2000000000003,0.999999999999589
43.3000000000003,0.999999999999632
43.4000000000003,0.999999999999672
43.5000000000003,0.999999999999707
43.6000000000003,0.999999999999738
43.7000000000004,0.999999999999766
43.8000000000004,0.999999999999791
43.9000000000004,0.999999999999813
44.0000000000004,0.999999999999833
44.1000000000004,0.999999999999851
44.2000000000004,0.999999999999867
44.3000000000004,0.999999999999881
44.4000000000004,0.999999999999894
44.5000000000004,0.999999999999905
44.6000000000004,0.999999999999915
44.7000000000004,0.999999999999924
44.8000000000004,0.999999999999932
44.9000000000004,0.99999999999994
45.0000000000004,0.999999999999946
45.1000000000004,0.999999999999952
45.2000000000004,0.999999999999957
45.3000000000004,0.999999999999961
45.4000000000004,0.999999999999966
45.5000000000004,0.999999999999969
45.6000000000004,0.999999999999972
45.7000000000004,0.999999999999975
45.8000000000004,0.999999999999978
45.9000000000004,0.99999999999998
46.0000000000004,0.999999999999982
46.1000000000004,0.999999999999984
46.2000000000004,0.999999999999986
46.3000000000004,0.999999999999987
46.4000000000004,0.999999999999989
46.5000000000004,0.99999999999999
46.6000000000004,0.999999999999991
46.7000000000004,0.999999999999992
46.8000000000004,0.999999999999993
46.9000000000004,0.999999999999993
47.0000000000004,0.999999999999994
47.1000000000004,0.999999999999995
47.2000000000004,0.999999999999995
47.3000000000004,0.999999999999996
47.4000000000004,0.999999999999996
47.5000000000004,0.999999999999996
47.6000000000004,0.999999999999997
47.7000000000004,0.999999999999997
47.8000000000004,0.999999999999997
47.9000000000004,0.999999999999997
48.0000000000004,0.999999999999998
48.1000000000004,0.999999999999998
48.2000000000004,0.999999999999998
48.3000000000004,0.999999999999998
48.4000000000004,0.999999999999998
48.5000000000004,0.999999999999998
48.6000000000004,0.999999999999998
48.7000000000004,0.999999999999999
48.8000000000004,0.999999999999999
48.9000000000004,0.999999999999999
49.0000000000004,0.999999999999999
49.1000000000004,0.999999999999999
49.2000000000004,0.999999999999999
49.3000000000004,0.999999999999999
49.4000000000004,0.999999999999999
49.5000000000004,0.999999999999999
49.6000000000004,0.999999999999999
49.7000000000004,0.999999999999999
49.8000000000004,0.999999999999999
49.9000000000004,0.999999999999999
50.0000000000004,0.999999999999999
50.1000000000004,0.999999999999999
50.2000000000004,0.999999999999999
50.3000000000004,0.999999999999999
50.4000000000004,0.999999999999999
50.5000000000004,0.999999999999999
50.6000000000004,0.999999999999999
50.7000000000005,0.999999999999999
50.8000000000005,0.999999999999999
50.9000000000005,0.999999999999999
51.0000000000005,0.999999999999999
51.1000000000005,0.999999999999999
51.2000000000005,0.999999999999999
51.3000000000005,0.999999999999999
51.4000000000005,0.999999999999999
51.5000000000005,0.999999999999999
51.6000000000005,0.999999999999999
51.7000000000005,0.999999999999999
51.8000000000005,0.999999999999999
51.9000000000005,0.999999999999999
52.0000000000005,0.999999999999999
52.1000000000005,0.999999999999999
52.2000000000005,0.999999999999999
52.3000000000005,0.999999999999999
52.4000000000005,0.999999999999999
52.5000000000005,0.999999999999999
52.6000000000005,0.999999999999999
52.7000000000005,0.999999999999999
52.8000000000005,0.999999999999999
52.9000000000005,0.999999999999999
53.0000000000005,0.999999999999999
53.1000000000005,0.999999999999999
53.2000000000005,0.999999999999999
53.3000000000005,0.999999999999999
53.4000000000005,0.999999999999999
53.5000000000005,0.999999999999999
53.6000000000005,0.999999999999999
53.7000000000005,0.999999999999999
53.8000000000005,0.999999999999999
53.9000000000005,0.999999999999999
54.0000000000005,0.999999999999999
54.1000000000005,0.999999999999999
54.2000000000005,0.999999999999999
54.3000000000005,0.999999999999999
54.4000000000005,0.999999999999999
54.5000000000005,0.999999999999999
54.6000000000005,0.999999999999999
54.7000000000005,0.999999999999999
54.8000000000005,0.999999999999999
54.9000000000005,0.999999999999999
55.0000000000005,0.999999999999999
55.1000000000005,0.999999999999999
55.2000000000005,0.999999999999999
55.3000000000005,0.999999999999999
55.4000000000005,0.999999999999999
55.5000000000005,0.999999999999999
55.6000000000005,0.999999999999999
55.7000000000005,0.999999999999999
55.8000000000005,0.999999999999999
55.9000000000005,0.999999999999999
56.0000000000005,0.999999999999999
56.1000000000005,0.999999999999999
56.2000000000005,0.999999999999999
56.3000000000005,0.999999999999999
56.4000000000005,0.999999999999999
56.5000000000005,0.999999999999999
56.6000000000005,0.999999999999999
56.7000000000005,0.999999999999999
56.8000000000005,0.999999999999999
56.9000000000005,0.999999999999999
57.0000000000005,0.999999999999999
57.1000000000005,0.999999999999999
57.2000000000005,0.999999999999999
57.3000000000005,0.999999999999999
57.4000000000005,0.999999999999999
57.5000000000005,0.999999999999999
57.6000000000005,0.999999999999999
57.7000000000005,0.999999999999999
57.8000000000006,0.999999999999999
57.9000000000006,0.999999999999999
58.0000000000006,0.999999999999999
58.1000000000006,0.999999999999999
58.2000000000006,0.999999999999999
58.3000000000006,0.999999999999999
58.4000000000006,0.999999999999999
58.5000000000006,0.999999999999999
58.6000000000006,0.999999999999999
58.7000000000006,0.999999999999999
58.8000000000006,0.999999999999999
58.9000000000006,0.999999999999999
59.0000000000006,0.999999999999999
59.1000000000006,0.999999999999999
59.2000000000006,0.999999999999999
59.3000000000006,0.999999999999999
59.4000000000006,0.999999999999999
59.5000000000006,0.999999999999999
59.6000000000006,0.999999999999999
59.7000000000006,0.999999999999999
59.8000000000006,0.999999999999999
59.9000000000006,0.999999999999999
60.0000000000006,0.999999999999999
60.1000000000006,0.999999999999999
60.2000000000006,0.999999999999999
60.3000000000006,0.999999999999999
60.4000000000006,0.999999999999999
60.5000000000006,0.999999999999999
60.6000000000006,0.999999999999999
60.7000000000006,0.999999999999999
60.8000000000006,0.999999999999999
60.9000000000006,0.999999999999999
61.0000000000006,0.999999999999999
61.1000000000006,0.999999999999999
61.2000000000006,0.999999999999999
61.3000000000006,0.999999999999999
61.4000000000006,0.999999999999999
61.5000000000006,0.999999999999999
61.6000000000006,0.999999999999999
61.7000000000006,0.999999999999999
61.8000000000006,0.999999999999999
61.9000000000006,0.999999999999999
62.0000000000006,0.999999999999999
62.1000000000006,0.999999999999999
62.2000000000006,0.999999999999999
62.3000000000006,0.999999999999999
62.4000000000006,0.999999999999999
62.5000000000006,0.999999999999999
62.6000000000006,0.999999999999999
62.7000000000006,0.999999999999999
62.8000000000006,0.999999999999999
62.9000000000006,0.999999999999999
63.0000000000006,0.999999999999999
63.1000000000006,0.999999999999999
63.2000000000006,0.999999999999999
63.3000000000006,0.999999999999999
63.4000000000006,0.999999999999999
63.5000000000006,0.999999999999999
63.6000000000006,0.999999999999999
63.7000000000006,0.999999999999999
63.8000000000006,0.999999999999999
63.9000000000006,0.999999999999999
64.0000000000006,0.999999999999999
64.1000000000006,0.999999999999999
64.2000000000006,0.999999999999999
64.3000000000006,0.999999999999999
64.4000000000006,0.999999999999999
64.5000000000006,0.999999999999999
64.6000000000006,0.999999999999999
64.7000000000006,0.999999999999999
64.8000000000006,0.999999999999999
64.9000000000006,0.999999999999999
65.0000000000006,0.999999999999999
65.1000000000006,0.999999999999999
65.2000000000006,0.999999999999999
65.3000000000006,0.999999999999999
65.4000000000006,0.999999999999999
65.5000000000006,0.999999999999999
65.6000000000005,0.999999999999999
65.7000000000005,0.999999999999999
65.8000000000005,0.999999999999999
65.9000000000005,0.999999999999999
66.0000000000005,0.999999999999999
66.1000000000005,0.999999999999999
66.2000000000005,0.999999999999999
66.3000000000005,0.999999999999999
66.4000000000005,0.999999999999999
66.5000000000005,0.999999999999999
66.6000000000005,0.999999999999999
66.7000000000005,0.999999999999999
66.8000000000005,0.999999999999999
66.9000000000005,0.999999999999999
67.0000000000005,0.999999999999999
67.1000000000005,0.999999999999999
67.2000000000005,0.999999999999999
67.3000000000005,0.999999999999999
67.4000000000004,0.999999999999999
67.5000000000004,0.999999999999999
67.6000000000004,0.999999999999999
67.7000000000004,0.999999999999999
67.8000000000004,0.999999999999999
67.9000000000004,0.999999999999999
68.0000000000004,0.999999999999999
68.1000000000004,0.999999999999999
68.2000000000004,0.999999999999999
68.3000000000004,0.999999999999999
68.4000000000004,0.999999999999999
68.5000000000004,0.999999999999999
68.6000000000004,0.999999999999999
68.7000000000004,0.999999999999999
68.8000000000004,0.999999999999999
68.9000000000004,0.999999999999999
69.0000000000004,0.999999999999999
69.1000000000003,0.999999999999999
69.2000000000003,0.999999999999999
69.3000000000003,0.999999999999999
69.4000000000003,0.999999999999999
69.5000000000003,0.999999999999999
69.6000000000003,0.999999999999999
69.7000000000003,0.999999999999999
69.8000000000003,0.999999999999999
69.9000000000003,0.999999999999999
70.0000000000003,0.999999999999999
70.1000000000003,0.999999999999999
70.2000000000003,0.999999999999999
70.3000000000003,0.999999999999999
70.4000000000003,0.999999999999999
70.5000000000003,0.999999999999999
70.6000000000003,0.999999999999999
70.7000000000003,0.999999999999999
70.8000000000003,0.999999999999999
70.9000000000002,0.999999999999999
71.0000000000002,0.999999999999999
71.1000000000002,0.999999999999999
71.2000000000002,0.999999999999999
71.3000000000002,0.999999999999999
71.4000000000002,0.999999999999999
71.5000000000002,0.999999999999999
71.6000000000002,0.999999999999999
71.7000000000002,0.999999999999999
71.8000000000002,0.999999999999999
71.9000000000002,0.999999999999999
72.0000000000002,0.999999999999999
72.1000000000002,0.999999999999999
72.2000000000002,0.999999999999999
72.3000000000002,0.999999999999999
72.4000000000002,0.999999999999999
72.5000000000002,0.999999999999999
72.6000000000002,0.999999999999999
72.7000000000001,0.999999999999999
72.8000000000001,0.999999999999999
72.9000000000001,0.999999999999999
73.0000000000001,0.999999999999999
73.1000000000001,0.999999999999999
73.2000000000001,0.999999999999999
73.3000000000001,0.999999999999999
73.4000000000001,0.999999999999999
73.5000000000001,0.999999999999999
73.6000000000001,0.999999999999999
73.7000000000001,0.999999999999999
73.8000000000001,0.999999999999999
73.9000000000001,0.999999999999999
74.0000000000001,0.999999999999999
74.1000000000001,0.999999999999999
74.2000000000001,0.999999999999999
74.3000000000001,0.999999999999999
74.4,0.999999999999999
74.5,0.999999999999999
74.6,0.999999999999999
74.7,0.999999999999999
74.8,0.999999999999999
74.9,0.999999999999999
75,0.999999999999999
75.1,0.999999999999999
75.2,0.999999999999999
75.3,0.999999999999999
75.4,0.999999999999999
75.5,0.999999999999999
75.6,0.999999999999999
75.7,0.999999999999999
75.8,0.999999999999999
75.9,0.999999999999999
76,0.999999999999999
76.1,0.999999999999999
76.1999999999999,0.999999999999999
76.2999999999999,0.999999999999999
76.3999999999999,0.999999999999999
76.4999999999999,0.999999999999999
76.5999999999999,0.999999999999999
76.6999999999999,0.999999999999999
76.7999999999999,0.999999999999999
76.8999999999999,0.999999999999999
76.9999999999999,0.999999999999999
77.0999999999999,0.999999999999999
77.1999999999999,0.999999999999999
77.2999999999999,0.999999999999999
77.3999999999999,0.999999999999999
77.4999999999999,0.999999999999999
77.5999999999999,0.999999999999999
77.6999999999999,0.999999999999999
77.7999999999999,0.999999999999999
77.8999999999998,0.999999999999999
77.9999999999998,0.999999999999999
78.0999999999998,0.999999999999999
78.1999999999998,0.999999999999999
78.2999999999998,0.999999999999999
78.3999999999998,0.999999999999999
78.4999999999998,0.999999999999999
78.5999999999998,0.999999999999999
78.6999999999998,0.999999999999999
78.7999999999998,0.999999999999999
78.8999999999998,0.999999999999999
78.9999999999998,0.999999999999999
79.0999999999998,0.999999999999999
79.1999999999998,0.999999999999999
79.2999999999998,0.999999999999999
79.3999999999998,0.999999999999999
79.4999999999998,0.999999999999999
79.5999999999998,0.999999999999999
79.6999999999997,0.999999999999999
79.7999999999997,0.999999999999999
79.8999999999997,0.999999999999999
79.9999999999997,0.999999999999999
80.0999999999997,0.999999999999999
80.1999999999997,0.999999999999999
80.2999999999997,0.999999999999999
80.3999999999997,0.999999999999999
80.4999999999997,0.999999999999999
80.5999999999997,0.999999999999999
80.6999999999997,0.999999999999999
80.7999999999997,0.999999999999999
80.8999999999997,0.999999999999999
80.9999999999997,0.999999999999999
81.0999999999997,0.999999999999999
81.1999999999997,0.999999999999999
81.2999999999997,0.999999999999999
81.3999999999997,0.999999999999999
81.4999999999996,0.999999999999999
81.5999999999996,0.999999999999999
81.6999999999996,0.999999999999999
81.7999999999996,0.999999999999999
81.8999999999996,0.999999999999999
81.9999999999996,0.999999999999999
82.0999999999996,0.999999999999999
82.1999999999996,0.999999999999999
82.2999999999996,0.999999999999999
82.3999999999996,0.999999999999999
82.4999999999996,0.999999999999999
82.5999999999996,0.999999999999999
82.6999999999996,0.999999999999999
82.7999999999996,0.999999999999999
82.8999999999996,0.999999999999999
82.9999999999996,0.999999999999999
83.0999999999996,0.999999999999999
83.1999999999995,0.999999999999999
83.2999999999995,0.999999999999999
83.3999999999995,0.999999999999999
83.4999999999995,0.999999999999999
83.5999999999995,0.999999999999999
83.6999999999995,0.999999999999999
83.7999999999995,0.999999999999999
83.8999999999995,0.999999999999999
83.9999999999995,0.999999999999999
84.0999999999995,0.999999999999999
84.1999999999995,0.999999999999999
84.2999999999995,0.999999999999999
84.3999999999995,0.999999999999999
84.4999999999995,0.999999999999999
84.5999999999995,0.999999999999999
84.6999999999995,0.999999999999999
84.7999999999995,0.999999999999999
84.8999999999995,0.999999999999999
84.9999999999994,0.999999999999999
85.0999999999994,0.999999999999999
85.1999999999994,0.999999999999999
85.2999999999994,0.999999999999999
85.3999999999994,0.999999999999999
85.4999999999994,0.999999999999999
85.5999999999994,0.999999999999999
85.6999999999994,0.999999999999999
85.7999999999994,0.999999999999999
85.8999999999994,0.999999999999999
85.9999999999994,0.999999999999999
86.0999999999994,0.999999999999999
86.1999999999994,0.999999999999999
86.2999999999994,0.999999999999999
86.3999999999994,0.999999999999999
86.4999999999994,0.999999999999999
86.5999999999994,0.999999999999999
86.6999999999993,0.999999999999999
86.7999999999993,0.999999999999999
86.8999999999993,0.999999999999999
86.9999999999993,0.999999999999999
87.0999999999993,0.999999999999999
87.1999999999993,0.999999999999999
87.2999999999993,0.999999999999999
87.3999999999993,0.999999999999999
87.4999999999993,0.999999999999999
87.5999999999993,0.999999999999999
87.6999999999993,0.999999999999999
87.7999999999993,0.999999999999999
87.8999999999993,0.999999999999999
87.9999999999993,0.999999999999999
88.0999999999993,0.999999999999999
88.1999999999993,0.999999999999999
88.2999999999993,0.999999999999999
88.3999999999993,0.999999999999999
88.4999999999992,0.999999999999999
88.5999999999992,0.999999999999999
88.6999999999992,0.999999999999999
88.7999999999992,0.999999999999999
88.8999999999992,0.999999999999999
88.9999999999992,0.999999999999999
89.0999999999992,0.999999999999999
89.1999999999992,0.999999999999999
89.2999999999992,0.999999999999999
89.3999999999992,0.999999999999999
89.4999999999992,0.999999999999999
89.5999999999992,0.999999999999999
89.6999999999992,0.999999999999999
89.7999999999992,0.999999999999999
89.8999999999992,0.999999999999999
89.9999999999992,0.999999999999999
90.0999999999992,0.999999999999999
90.1999999999992,0.999999999999999
90.2999999999991,0.999999999999999
90.3999999999991,0.999999999999999
90.4999999999991,0.999999999999999
90.5999999999991,0.999999999999999
90.6999999999991,0.999999999999999
90.7999999999991,0.999999999999999
90.8999999999991,0.999999999999999
90.9999999999991,0.999999999999999
91.0999999999991,0.999999999999999
91.1999999999991,0.999999999999999
91.2999999999991,0.999999999999999
91.3999999999991,0.999999999999999
91.4999999999991,0.999999999999999
91.5999999999991,0.999999999999999
91.6999999999991,0.999999999999999
91.7999999999991,0.999999999999999
91.8999999999991,0.999999999999999
91.999999999999,0.999999999999999
92.099999999999,0.999999999999999
92.199999999999,0.999999999999999
92.299999999999,0.999999999999999
92.399999999999,0.999999999999999
92.499999999999,0.999999999999999
92.599999999999,0.999999999999999
92.699999999999,0.999999999999999
92.799999999999,0.999999999999999
92.899999999999,0.999999999999999
92.999999999999,0.999999999999999
93.099999999999,0.999999999999999
93.199999999999,0.999999999999999
93.299999999999,0.999999999999999
93.399999999999,0.999999999999999
93.499999999999,0.999999999999999
93.599999999999,0.999999999999999
93.699999999999,0.999999999999999
93.7999999999989,0.999999999999999
93.8999999999989,0.999999999999999
93.9999999999989,0.999999999999999
94.0999999999989,0.999999999999999
94.1999999999989,0.999999999999999
94.2999999999989,0.999999999999999
94.3999999999989,0.999999999999999
94.4999999999989,0.999999999999999
94.5999999999989,0.999999999999999
94.6999999999989,0.999999999999999
94.7999999999989,0.999999999999999
94.8999999999989,0.999999999999999
94.9999999999989,0.999999999999999
95.0999999999989,0.999999999999999
95.1999999999989,0.999999999999999
95.2999999999989,0.999999999999999
95.3999999999989,0.999999999999999
95.4999999999988,0.999999999999999
95.5999999999988,0.999999999999999
95.6999999999988,0.999999999999999
95.7999999999988,0.999999999999999
95.8999999999988,0.999999999999999
95.9999999999988,0.999999999999999
96.0999999999988,0.999999999999999
96.1999999999988,0.999999999999999
96.2999999999988,0.999999999999999
96.3999999999988,0.999999999999999
96.4999999999988,0.999999999999999
96.5999999999988,0.999999999999999
96.6999999999988,0.999999999999999
96.7999999999988,0.999999999999999
96.8999999999988,0.999999999999999
96.9999999999988,0.999999999999999
97.0999999999988,0.999999999999999
97.1999999999988,0.999999999999999
97.2999999999987,0.999999999999999
97.3999999999987,0.999999999999999
97.4999999999987,0.999999999999999
97.5999999999987,0.999999999999999
97.6999999999987,0.999999999999999
97.7999999999987,0.999999999999999
97.8999999999987,0.999999999999999
97.9999999999987,0.999999999999999
98.0999999999987,0.999999999999999
98.1999999999987,0.999999999999999
98.2999999999987,0.999999999999999
98.3999999999987,0.999999999999999
98.4999999999987,0.999999999999999
98.5999999999987,0.999999999999999
98.6999999999987,0.999999999999999
98.7999999999987,0.999999999999999
98.8999999999987,0.999999999999999
98.9999999999986,0.999999999999999
99.0999999999986,0.999999999999999
99.1999999999986,0.999999999999999
99.2999999999986,0.999999999999999
99.3999999999986,0.999999999999999
99.4999999999986,0.999999999999999
99.5999999999986,0.999999999999999
99.6999999999986,0.999999999999999
99.7999999999986,0.999999999999999
99.8999999999986,0.999999999999999
99.9999999999986,0.999999999999999
100.099999999999,0.999999999999999
100.199999999999,0.999999999999999
100.299999999999,0.999999999999999
100.399999999999,0.999999999999999
100.499999999999,0.999999999999999
100.599999999999,0.999999999999999
100.699999999999,0.999999999999999
100.799999999999,0.999999999999999
100.899999999999,0.999999999999999
100.999999999999,0.999999999999999
101.099999999999,0.999999999999999
101.199999999999,0.999999999999999
101.299999999999,0.999999999999999
101.399999999999,0.999999999999999
101.499999999999,0.999999999999999
101.599999999999,0.999999999999999
101.699999999998,0.999999999999999
101.799999999998,0.999999999999999
101.899999999998,0.999999999999999
101.999999999998,0.999999999999999
102.099999999998,0.999999999999999
102.199999999998,0.999999999999999
102.299999999998,0.999999999999999
102.399999999998,0.999999999999999
102.499999999998,0.999999999999999
102.599999999998,0.999999999999999
102.699999999998,0.999999999999999
102.799999999998,0.999999999999999
102.899999999998,0.999999999999999
102.999999999998,0.999999999999999
103.099999999998,0.999999999999999
103.199999999998,0.999999999999999
103.299999999998,0.999999999999999
103.399999999998,0.999999999999999
103.499999999998,0.999999999999999
103.599999999998,0.999999999999999
103.699999999998,0.999999999999999
103.799999999998,0.999999999999999
103.899999999998,0.999999999999999
103.999999999998,0.999999999999999
104.099999999998,0.999999999999999
104.199999999998,0.999999999999999
104.299999999998,0.999999999999999
104.399999999998,0.999999999999999
104.499999999998,0.999999999999999
104.599999999998,0.999999999999999
104.699999999998,0.999999999999999
104.799999999998,0.999999999999999
104.899999999998,0.999999999999999
104.999999999998,0.999999999999999
105.099999999998,0.999999999999999
105.199999999998,0.999999999999999
105.299999999998,0.999999999999999
105.399999999998,0.999999999999999
105.499999999998,0.999999999999999
105.599999999998,0.999999999999999
105.699999999998,0.999999999999999
105.799999999998,0.999999999999999
105.899999999998,0.999999999999999
105.999999999998,0.999999999999999
106.099999999998,0.999999999999999
106.199999999998,0.999999999999999
106.299999999998,0.999999999999999
106.399999999998,0.999999999999999
106.499999999998,0.999999999999999
106.599999999998,0.999999999999999
106.699999999998,0.999999999999999
106.799999999998,0.999999999999999
106.899999999998,0.999999999999999
106.999999999998,0.999999999999999
107.099999999998,0.999999999999999
107.199999999998,0.999999999999999
107.299999999998,0.999999999999999
107.399999999998,0.999999999999999
107.499999999998,0.999999999999999
107.599999999998,0.999999999999999
107.699999999998,0.999999999999999
107.799999999998,0.999999999999999
107.899999999998,0.999999999999999
107.999999999998,0.999999999999999
108.099999999998,0.999999999999999
108.199999999998,0.999999999999999
108.299999999998,0.999999999999999
108.399999999998,0.999999999999999
108.499999999998,0.999999999999999
108.599999999998,0.999999999999999
108.699999999998,0.999999999999999
108.799999999998,0.999999999999999
108.899999999998,0.999999999999999
108.999999999998,0.999999999999999
109.099999999998,0.999999999999999
109.199999999998,0.999999999999999
109.299999999998,0.999999999999999
109.399999999998,0.999999999999999
109.499999999998,0.999999999999999
109.599999999998,0.999999999999999
109.699999999998,0.999999999999999
109.799999999998,0.999999999999999
109.899999999998,0.999999999999999
109.999999999998,0.999999999999999
110.099999999998,0.999999999999999
110.199999999998,0.999999999999999
110.299999999998,0.999999999999999
110.399999999998,0.999999999999999
110.499999999998,0.999999999999999
110.599999999998,0.999999999999999
110.699999999998,0.999999999999999
110.799999999998,0.999999999999999
110.899999999998,0.999999999999999
110.999999999998,0.999999999999999
111.099999999998,0.999999999999999
111.199999999998,0.999999999999999
111.299999999998,0.999999999999999
111.399999999998,0.999999999999999
111.499999999998,0.999999999999999
111.599999999998,0.999999999999999
111.699999999998,0.999999999999999
111.799999999998,0.999999999999999
111.899999999998,0.999999999999999
111.999999999998,0.999999999999999
112.099999999998,0.999999999999999
112.199999999998,0.999999999999999
112.299999999998,0.999999999999999
112.399999999998,0.999999999999999
112.499999999998,NaN
112.599999999998,NaN
112.699999999998,NaN
112.799999999998,NaN
112.899999999998,NaN
112.999999999998,NaN
113.099999999998,NaN
113.199999999998,NaN
113.299999999998,NaN
113.399999999998,NaN
113.499999999998,NaN
113.599999999998,NaN
113.699999999998,NaN
113.799999999998,NaN
113.899999999998,NaN
113.999999999998,NaN
114.099999999998,NaN
114.199999999998,NaN
114.299999999998,NaN
114.399999999998,NaN
114.499999999998,NaN
114.599999999998,NaN
114.699999999998,NaN
114.799999999998,NaN
114.899999999998,NaN
114.999999999998,NaN
115.099999999998,NaN
115.199999999998,NaN
115.299999999998,NaN
115.399999999998,NaN
115.499999999998,NaN
115.599999999998,NaN
115.699999999998,NaN
115.799999999998,NaN
115.899999999998,NaN
115.999999999998,NaN
116.099999999998,NaN
116.199999999998,NaN
116.299999999998,NaN
116.399999999998,NaN
116.499999999998,NaN
116.599999999998,NaN
116.699999999998,NaN
116.799999999998,NaN
116.899999999998,NaN
116.999999999998,NaN
117.099999999998,NaN
117.199999999998,NaN
117.299999999998,NaN
117.399999999998,NaN
117.499999999998,NaN
117.599999999998,NaN
117.699999999998,NaN
117.799999999998,NaN
117.899999999998,NaN
117.999999999998,NaN
118.099999999998,NaN
118.199999999998,NaN
118.299999999998,NaN
118.399999999998,NaN
118.499999999998,NaN
118.599999999998,NaN
118.699999999998,NaN
118.799999999998,NaN
118.899999999998,NaN
118.999999999998,NaN
119.099999999998,NaN
119.199999999998,NaN
119.299999999997,NaN
119.399999999997,NaN
119.499999999997,NaN
119.599999999997,NaN
119.699999999997,NaN
119.799999999997,NaN
119.899999999997,NaN
119.999999999997,NaN
120.099999999997,NaN
120.199999999997,NaN
120.299999999997,NaN
120.399999999997,NaN
120.499999999997,NaN
120.599999999997,NaN
120.699999999997,NaN
120.799999999997,NaN
120.899999999997,NaN
120.999999999997,NaN
121.099999999997,NaN
121.199999999997,NaN
121.299999999997,NaN
121.399999999997,NaN
121.499999999997,NaN
121.599999999997,NaN
121.699999999997,NaN
121.799999999997,NaN
121.899999999997,NaN
121.999999999997,NaN
122.099999999997,NaN
122.199999999997,NaN
122.299999999997,NaN
122.399999999997,NaN
122.499999999997,NaN
122.599999999997,NaN
122.699999999997,NaN
122.799999999997,NaN
122.899999999997,NaN
122.999999999997,NaN
123.099999999997,NaN
123.199999999997,NaN
123.299999999997,NaN
123.399999999997,NaN
123.499999999997,NaN
123.599999999997,NaN
123.699999999997,NaN
123.799999999997,NaN
123.899999999997,NaN
123.999999999997,NaN
124.099999999997,NaN
124.199999999997,NaN
124.299999999997,NaN
124.399999999997,NaN
124.499999999997,NaN
124.599999999997,NaN
124.699999999997,NaN
124.799999999997,NaN
124.899999999997,NaN
124.999999999997,NaN
125.099999999997,NaN
125.199999999997,NaN
125.299999999997,NaN
125.399999999997,NaN
125.499999999997,NaN
125.599999999997,NaN
125.699999999997,NaN
125.799999999997,NaN
125.899999999997,NaN
125.999999999997,NaN
126.099999999997,NaN
126.199999999997,NaN
126.299999999997,NaN
126.399999999997,NaN
126.499999999997,NaN
126.599999999997,NaN
126.699999999997,NaN
126.799999999997,NaN
126.899999999997,NaN
126.999999999997,NaN
127.099999999997,NaN
127.199999999997,NaN
127.299999999997,NaN
127.399999999997,NaN
127.499999999997,NaN
127.599999999997,NaN
127.699999999997,NaN
127.799999999997,NaN
127.899999999997,NaN
127.999999999997,NaN
128.099999999997,NaN
128.199999999997,NaN
128.299999999997,NaN
128.399999999997,NaN
128.499999999997,NaN
128.599999999997,NaN
128.699999999997,NaN
128.799999999997,NaN
128.899999999997,NaN
128.999999999997,NaN
129.099999999997,NaN
129.199999999997,NaN
129.299999999997,NaN
129.399999999997,NaN
129.499999999997,NaN
129.599999999997,NaN
129.699999999997,NaN
129.799999999997,NaN
129.899999999997,NaN
129.999999999997,NaN
130.099999999997,NaN
130.199999999997,NaN
130.299999999997,NaN
130.399999999997,NaN
130.499999999997,NaN
130.599999999997,NaN
130.699999999997,NaN
130.799999999997,NaN
130.899999999997,NaN
130.999999999997,NaN
131.099999999997,NaN
131.199999999997,NaN
131.299999999997,NaN
131.399999999997,NaN
131.499999999997,NaN
131.599999999997,NaN
131.699999999997,NaN
131.799999999997,NaN
131.899999999997,NaN
131.999999999997,NaN
132.099999999997,NaN
132.199999999997,NaN
132.299999999997,NaN
132.399999999997,NaN
132.499999999997,NaN
132.599999999997,NaN
132.699999999997,NaN
132.799999999997,NaN
132.899999999997,NaN
132.999999999997,NaN
133.099999999997,NaN
133.199999999997,NaN
133.299999999997,NaN
133.399999999997,NaN
133.499999999997,NaN
133.599999999997,NaN
133.699999999997,NaN
133.799999999997,NaN
133.899999999997,NaN
133.999999999997,NaN
134.099999999997,NaN
134.199999999997,NaN
134.299999999997,NaN
134.399999999997,NaN
134.499999999997,NaN
134.599999999997,NaN
134.699999999997,NaN
134.799999999997,NaN
134.899999999997,NaN
134.999999999997,NaN
135.099999999997,NaN
135.199999999997,NaN
135.299999999997,NaN
135.399999999997,NaN
135.499999999997,NaN
135.599999999997,NaN
135.699999999997,NaN
135.799999999997,NaN
135.899999999997,NaN
135.999999999997,NaN
136.099999999997,NaN
136.199999999997,NaN
136.299999999997,NaN
136.399999999997,NaN
136.499999999997,NaN
136.599999999997,NaN
136.699999999997,NaN
136.799999999997,NaN
136.899999999997,NaN
136.999999999997,NaN
137.099999999996,NaN
137.199999999996,NaN
137.299999999996,NaN
137.399999999996,NaN
137.499999999996,NaN
137.599999999996,NaN
137.699999999996,NaN
137.799999999996,NaN
137.899999999996,NaN
137.999999999996,NaN
138.099999999996,NaN
138.199999999996,NaN
138.299999999996,NaN
138.399999999996,NaN
138.499999999996,NaN
138.599999999996,NaN
138.699999999996,NaN
138.799999999996,NaN
138.899999999996,NaN
138.999999999996,NaN
139.099999999996,NaN
139.199999999996,NaN
139.299999999996,NaN
139.399999999996,NaN
139.499999999996,NaN
139.599999999996,NaN
139.699999999996,NaN
139.799999999996,NaN
139.899999999996,NaN
139.999999999996,NaN
140.099999999996,NaN
140.199999999996,NaN
140.299999999996,NaN
140.399999999996,NaN
140.499999999996,NaN
140.599999999996,NaN
140.699999999996,NaN
140.799999999996,NaN
140.899999999996,NaN
140.999999999996,NaN
141.099999999996,NaN
141.199999999996,NaN
141.299999999996,NaN
141.399999999996,NaN
141.499999999996,NaN
141.599999999996,NaN
141.699999999996,NaN
141.799999999996,NaN
141.899999999996,NaN
141.999999999996,NaN
142.099999999996,NaN
142.199999999996,NaN
142.299999999996,NaN
142.399999999996,NaN
142.499999999996,NaN
142.599999999996,NaN
142.699999999996,NaN
142.799999999996,NaN
142.899999999996,NaN
142.999999999996,NaN
143.099999999996,NaN
143.199999999996,NaN
143.299999999996,NaN
143.399999999996,NaN
143.499999999996,NaN
143.599999999996,NaN
143.699999999996,NaN
143.799999999996,NaN
143.899999999996,NaN
143.999999999996,NaN
144.099999999996,NaN
144.199999999996,NaN
144.299999999996,NaN
144.399999999996,NaN
144.499999999996,NaN
144.599999999996,NaN
144.699999999996,NaN
144.799999999996,NaN
144.899999999996,NaN
144.999999999996,NaN
145.099999999996,NaN
145.199999999996,NaN
145.299999999996,NaN
145.399999999996,NaN
145.499999999996,NaN
145.599999999996,NaN
145.699999999996,NaN
145.799999999996,NaN
145.899999999996,NaN
145.999999999996,NaN
146.099999999996,NaN
146.199999999996,NaN
146.299999999996,NaN
146.399999999996,NaN
146.499999999996,NaN
146.599999999996,NaN
146.699999999996,NaN
146.799999999996,NaN
146.899999999996,NaN
146.999999999996,NaN
147.099999999996,NaN
147.199999999996,NaN
147.299999999996,NaN
147.399999999996,NaN
147.499999999996,NaN
147.599999999996,NaN
147.699999999996,NaN
147.799999999996,NaN
147.899999999996,NaN
147.999999999996,NaN
148.099999999996,NaN
148.199999999996,NaN
148.299999999996,NaN
148.399999999996,NaN
148.499999999996,NaN
148.599999999996,NaN
148.699999999996,NaN
148.799999999996,NaN
148.899999999996,NaN
148.999999999996,NaN
149.099999999996,NaN
149.199999999996,NaN
149.299999999996,NaN
149.399999999996,NaN
149.499999999996,NaN
149.599999999996,NaN
149.699999999996,NaN
149.799999999996,NaN
149.899999999996,NaN
149.999999999996,NaN
150.099999999996,NaN
150.199999999996,NaN
150.299999999996,NaN
150.399999999996,NaN
150.499999999996,NaN
150.599999999996,NaN
150.699999999996,NaN
150.799999999996,NaN
150.899999999996,NaN
150.999999999996,NaN
151.099999999996,NaN
151.199999999996,NaN
151.299999999996,NaN
151.399999999996,NaN
151.499999999996,NaN
151.599999999996,NaN
151.699999999996,NaN
151.799999999996,NaN
151.899999999996,NaN
151.999999999996,NaN
152.099999999996,NaN
152.199999999996,NaN
152.299999999996,NaN
152.399999999996,NaN
152.499999999996,NaN
152.599999999996,NaN
152.699999999996,NaN
152.799999999996,NaN
152.899999999996,NaN
152.999999999996,NaN
153.099999999996,NaN
153.199999999996,NaN
153.299999999996,NaN
153.399999999996,NaN
153.499999999996,NaN
153.599999999996,NaN
153.699999999996,NaN
153.799999999996,NaN
153.899999999996,NaN
153.999999999996,NaN
154.099999999996,NaN
154.199999999996,NaN
154.299999999996,NaN
154.399999999996,NaN
154.499999999996,NaN
154.599999999996,NaN
154.699999999995,NaN
154.799999999995,NaN
154.899999999995,NaN
154.999999999995,NaN
155.099999999995,NaN
155.199999999995,NaN
155.299999999995,NaN
155.399999999995,NaN
155.499999999995,NaN
155.599999999995,NaN
155.699999999995,NaN
155.799999999995,NaN
155.899999999995,NaN
155.999999999995,NaN
156.099999999995,NaN
156.199999999995,NaN
156.299999999995,NaN
156.399999999995,NaN
156.499999999995,NaN
156.599999999995,NaN
156.699999999995,NaN
156.799999999995,NaN
156.899999999995,NaN
156.999999999995,NaN
157.099999999995,NaN
157.199999999995,NaN
157.299999999995,NaN
157.399999999995,NaN
157.499999999995,NaN
157.599999999995,NaN
157.699999999995,NaN
157.799999999995,NaN
157.899999999995,NaN
157.999999999995,NaN
158.099999999995,NaN
158.199999999995,NaN
158.299999999995,NaN
158.399999999995,NaN
158.499999999995,NaN
158.599999999995,NaN
158.699999999995,NaN
158.799999999995,NaN
158.899999999995,NaN
158.999999999995,NaN
159.099999999995,NaN
159.199999999995,NaN
159.299999999995,NaN
159.399999999995,NaN
159.499999999995,NaN
159.599999999995,NaN
159.699999999995,NaN
159.799999999995,NaN
159.899999999995,NaN
159.999999999995,NaN
160.099999999995,NaN
160.199999999995,NaN
160.299999999995,NaN
160.399999999995,NaN
160.499999999995,NaN
160.599999999995,NaN
160.699999999995,NaN
160.799999999995,NaN
160.899999999995,NaN
160.999999999995,NaN
161.099999999995,NaN
161.199999999995,NaN
161.299999999995,NaN
161.399999999995,NaN
161.499999999995,NaN
161.599999999995,NaN
161.699999999995,NaN
161.799999999995,NaN
161.899999999995,NaN
161.999999999995,NaN
162.099999999995,NaN
162.199999999995,NaN
162.299999999995,NaN
162.399999999995,NaN
162.499999999995,NaN
162.599999999995,NaN
162.699999999995,NaN
162.799999999995,NaN
162.899999999995,NaN
162.999999999995,NaN
163.099999999995,NaN
163.199999999995,NaN
163.299999999995,NaN
163.399999999995,NaN
163.499999999995,NaN
163.599999999995,NaN
163.699999999995,NaN
163.799999999995,NaN
163.899999999995,NaN
163.999999999995,NaN
164.099999999995,NaN
164.199999999995,NaN
164.299999999995,NaN
164.399999999995,NaN
164.499999999995,NaN
164.599999999995,NaN
164.699999999995,NaN
164.799999999995,NaN
164.899999999995,NaN
164.999999999995,NaN
165.099999999995,NaN
165.199999999995,NaN
165.299999999995,NaN
165.399999999995,NaN
165.499999999995,NaN
165.599999999995,NaN
165.699999999995,NaN
165.799999999995,NaN
165.899999999995,NaN
165.999999999995,NaN
166.099999999995,NaN
166.199999999995,NaN
166.299999999995,NaN
166.399999999995,NaN
166.499999999995,NaN
166.599999999995,NaN
166.699999999995,NaN
166.799999999995,NaN
166.899999999995,NaN
166.999999999995,NaN
167.099999999995,NaN
167.199999999995,NaN
167.299999999995,NaN
167.399999999995,NaN
167.499999999995,NaN
167.599999999995,NaN
167.699999999995,NaN
167.799999999995,NaN
167.899999999995,NaN
167.999999999995,NaN
168.099999999995,NaN
168.199999999995,NaN
168.299999999995,NaN
168.399999999995,NaN
168.499999999995,NaN
168.599999999995,NaN
168.699999999995,NaN
168.799999999995,NaN
168.899999999995,NaN
168.999999999995,NaN
169.099999999995,NaN
169.199999999995,NaN
169.299999999995,NaN
169.399999999995,NaN
169.499999999995,NaN
169.599999999995,NaN
169.699999999995,NaN
169.799999999995,NaN
169.899999999995,NaN
169.999999999995,NaN
170.099999999995,NaN
170.199999999995,NaN
170.299999999995,NaN
170.399999999995,NaN
170.499999999995,NaN
170.599999999995,NaN
170.699999999995,NaN
170.799999999995,NaN
170.899999999995,NaN
170.999999999995,NaN
171.099999999995,NaN
171.199999999995,NaN
171.299999999995,NaN
171.399999999995,NaN
171.499999999995,NaN
171.599999999995,NaN
171.699999999995,NaN
171.799999999995,NaN
171.899999999995,NaN
171.999999999995,NaN
172.099999999995,NaN
172.199999999995,NaN
172.299999999994,NaN
172.399999999994,NaN
172.499999999994,NaN
172.599999999994,NaN
172.699999999994,NaN
172.799999999994,NaN
172.899999999994,NaN
172.999999999994,NaN
173.099999999994,NaN
173.199999999994,NaN
173.299999999994,NaN
173.399999999994,NaN
173.499999999994,NaN
173.599999999994,NaN
173.699999999994,NaN
173.799999999994,NaN
173.899999999994,NaN
173.999999999994,NaN
174.099999999994,NaN
174.199999999994,NaN
174.299999999994,NaN
174.399999999994,NaN
174.499999999994,NaN
174.599999999994,NaN
174.699999999994,NaN
174.799999999994,NaN
174.899999999994,NaN
174.999999999994,NaN
175.099999999994,NaN
175.199999999994,NaN
175.299999999994,NaN
175.399999999994,NaN
175.499999999994,NaN
175.599999999994,NaN
175.699999999994,NaN
175.799999999994,NaN
175.899999999994,NaN
175.999999999994,NaN
176.099999999994,NaN
176.199999999994,NaN
176.299999999994,NaN
176.399999999994,NaN
176.499999999994,NaN
176.599999999994,NaN
176.699999999994,NaN
176.799999999994,NaN
176.899999999994,NaN
176.999999999994,NaN
177.099999999994,NaN
177.199999999994,NaN
177.299999999994,NaN
177.399999999994,NaN
177.499999999994,NaN
177.599999999994,NaN
177.699999999994,NaN
177.799999999994,NaN
177.899999999994,NaN
177.999999999994,NaN
178.099999999994,NaN
178.199999999994,NaN
178.299999999994,NaN
178.399999999994,NaN
178.499999999994,NaN
178.599999999994,NaN
178.699999999994,NaN
178.799999999994,NaN
178.899999999994,NaN
178.999999999994,NaN
179.099999999994,NaN
179.199999999994,NaN
179.299999999994,NaN
179.399999999994,NaN
179.499999999994,NaN
179.599999999994,NaN
179.699999999994,NaN
179.799999999994,NaN
179.899999999994,NaN
179.999999999994,NaN
180.099999999994,NaN
180.199999999994,NaN
180.299999999994,NaN
180.399999999994,NaN
180.499999999994,NaN
180.599999999994,NaN
180.699999999994,NaN
180.799999999994,NaN
180.899999999994,NaN
180.999999999994,NaN
181.099999999994,NaN
181.199999999994,NaN
181.299999999994,NaN
181.399999999994,NaN
181.499999999994,NaN
181.599999999994,NaN
181.699999999994,NaN
181.799999999994,NaN
181.899999999994,NaN
181.999999999994,NaN
182.099999999994,NaN
182.199999999994,NaN
182.299999999994,NaN
182.399999999994,NaN
182.499999999994,NaN
182.599999999994,NaN
182.699999999994,NaN
182.799999999994,NaN
182.899999999994,NaN
182.999999999994,NaN
183.099999999994,NaN
183.199999999994,NaN
183.299999999994,NaN
183.399999999994,NaN
183.499999999994,NaN
183.599999999994,NaN
183.699999999994,NaN
183.799999999994,NaN
183.899999999994,NaN
183.999999999994,NaN
184.099999999994,NaN
184.199999999994,NaN
184.299999999994,NaN
184.399999999994,NaN
184.499999999994,NaN
184.599999999994,NaN
184.699999999994,NaN
184.799999999994,NaN
184.899999999994,NaN
184.999999999994,NaN
185.099999999994,NaN
185.199999999994,NaN
185.299999999994,NaN
185.399999999994,NaN
185.499999999994,NaN
185.599999999994,NaN
185.699999999994,NaN
185.799999999994,NaN
185.899999999994,NaN
185.999999999994,NaN
186.099999999994,NaN
186.199999999994,NaN
186.299999999994,NaN
186.399999999994,NaN
186.499999999994,NaN
186.599999999994,NaN
186.699999999994,NaN
186.799999999994,NaN
186.899999999994,NaN
186.999999999994,NaN
187.099999999994,NaN
187.199999999994,NaN
187.299999999994,NaN
187.399999999994,NaN
187.499999999994,NaN
187.599999999994,NaN
187.699999999994,NaN
187.799999999994,NaN
187.899999999994,NaN
187.999999999994,NaN
188.099999999994,NaN
188.199999999994,NaN
188.299999999994,NaN
188.399999999994,NaN
188.499999999994,NaN
188.599999999994,NaN
188.699999999994,NaN
188.799999999994,NaN
188.899999999994,NaN
188.999999999994,NaN
189.099999999994,NaN
189.199999999994,NaN
189.299999999994,NaN
189.399999999994,NaN
189.499999999994,NaN
189.599999999994,NaN
189.699999999994,NaN
189.799999999994,NaN
189.899999999993,NaN
189.999999999993,NaN
190.099999999993,NaN
190.199999999993,NaN
190.299999999993,NaN
190.399999999993,NaN
190.499999999993,NaN
190.599999999993,NaN
190.699999999993,NaN
190.799999999993,NaN
190.899999999993,NaN
190.999999999993,NaN
191.099999999993,NaN
191.199999999993,NaN
191.299999999993,NaN
191.399999999993,NaN
191.499999999993,NaN
191.599999999993,NaN
191.699999999993,NaN
191.799999999993,NaN
191.899999999993,NaN
191.999999999993,NaN
192.099999999993,NaN
192.199999999993,NaN
192.299999999993,NaN
192.399999999993,NaN
192.499999999993,NaN
192.599999999993,NaN
192.699999999993,NaN
192.799999999993,NaN
192.899999999993,NaN
192.999999999993,NaN
193.099999999993,NaN
193.199999999993,NaN
193.299999999993,NaN
193.399999999993,NaN
193.499999999993,NaN
193.599999999993,NaN
193.699999999993,NaN
193.799999999993,NaN
193.899999999993,NaN
193.999999999993,NaN
194.099999999993,NaN
194.199999999993,NaN
194.299999999993,NaN
194.399999999993,NaN
194.499999999993,NaN
194.599999999993,NaN
194.699999999993,NaN
194.799999999993,NaN
194.899999999993,NaN
194.999999999993,NaN
195.099999999993,NaN
195.199999999993,NaN
195.299999999993,NaN
195.399999999993,NaN
195.499999999993,NaN
195.599999999993,NaN
195.699999999993,NaN
195.799999999993,NaN
195.899999999993,NaN
195.999999999993,NaN
196.099999999993,NaN
196.199999999993,NaN
196.299999999993,NaN
196.399999999993,NaN
196.499999999993,NaN
196.599999999993,NaN
196.699999999993,NaN
196.799999999993,NaN
196.899999999993,NaN
196.999999999993,NaN
197.099999999993,NaN
197.199999999993,NaN
197.299999999993,NaN
197.399999999993,NaN
197.499999999993,NaN
197.599999999993,NaN
197.699999999993,NaN
197.799999999993,NaN
197.899999999993,NaN
197.999999999993,NaN
198.099999999993,NaN
198.199999999993,NaN
198.299999999993,NaN
198.399999999993,NaN
198.499999999993,NaN
198.599999999993,NaN
198.699999999993,NaN
198.799999999993,NaN
198.899999999993,NaN
198.999999999993,NaN
199.099999999993,NaN
199.199999999993,NaN
199.299999999993,NaN
199.399999999993,NaN
199.499999999993,NaN
199.599999999993,NaN
199.699999999993,NaN
199.799999999993,NaN
199.899999999993,NaN
199.999999999993,NaN
200.099999999993,NaN
200.199999999993,NaN
200.299999999993,NaN
200.399999999993,NaN
200.499999999993,NaN
200.599999999993,NaN
200.699999999993,NaN
200.799999999993,NaN
200.899999999993,NaN
200.999999999993,NaN
201.099999999993,NaN
201.199999999993,NaN
201.299999999993,NaN
201.399999999993,NaN
201.499999999993,NaN
201.599999999993,NaN
201.699999999993,NaN
201.799999999993,NaN
201.899999999993,NaN
201.999999999993,NaN
202.099999999993,NaN
202.199999999993,NaN
202.299999999993,NaN
202.399999999993,NaN
202.499999999993,NaN
202.599999999993,NaN
202.699999999993,NaN
202.799999999993,NaN
202.899999999993,NaN
202.999999999993,NaN
203.099999999993,NaN
203.199999999993,NaN
203.299999999993,NaN
203.399999999993,NaN
203.499999999993,NaN
203.599999999993,NaN
203.699999999993,NaN
203.799999999993,NaN
203.899999999993,NaN
203.999999999993,NaN
204.099999999993,NaN
204.199999999993,NaN
204.299999999993,NaN
204.399999999993,NaN
204.499999999993,NaN
204.599999999993,NaN
204.699999999993,NaN
204.799999999993,NaN
204.899999999993,NaN
204.999999999993,NaN
205.099999999993,NaN
205.199999999993,NaN
205.299999999993,NaN
205.399999999993,NaN
205.499999999993,NaN
205.599999999993,NaN
205.699999999993,NaN
205.799999999993,NaN
205.899999999993,NaN
205.999999999993,NaN
206.099999999993,NaN
206.199999999993,NaN
206.299999999993,NaN
206.399999999993,NaN
206.499999999993,NaN
206.599999999993,NaN
206.699999999993,NaN
206.799999999993,NaN
206.899999999993,NaN
206.999999999993,NaN
207.099999999993,NaN
207.199999999993,NaN
207.299999999993,NaN
207.399999999993,NaN
207.499999999992,NaN
207.599999999992,NaN
207.699999999992,NaN
207.799999999992,NaN
207.899999999992,NaN
207.999999999992,NaN
208.099999999992,NaN
208.199999999992,NaN
208.299999999992,NaN
208.399999999992,NaN
208.499999999992,NaN
208.599999999992,NaN
208.699999999992,NaN
208.799999999992,NaN
208.899999999992,NaN
208.999999999992,NaN
209.099999999992,NaN
209.199999999992,NaN
209.299999999992,NaN
209.399999999992,NaN
209.499999999992,NaN
209.599999999992,NaN
209.699999999992,NaN
209.799999999992,NaN
209.899999999992,NaN
209.999999999992,NaN
210.099999999992,NaN
210.199999999992,NaN
210.299999999992,NaN
210.399999999992,NaN
210.499999999992,NaN
210.599999999992,NaN
210.699999999992,NaN
210.799999999992,NaN
210.899999999992,NaN
210.999999999992,NaN
211.099999999992,NaN
211.199999999992,NaN
211.299999999992,NaN
211.399999999992,NaN
211.499999999992,NaN
211.599999999992,NaN
211.699999999992,NaN
211.799999999992,NaN
211.899999999992,NaN
211.999999999992,NaN
212.099999999992,NaN
212.199999999992,NaN
212.299999999992,NaN
212.399999999992,NaN
212.499999999992,NaN
212.599999999992,NaN
212.699999999992,NaN
212.799999999992,NaN
212.899999999992,NaN
212.999999999992,NaN
213.099999999992,NaN
213.199999999992,NaN
213.299999999992,NaN
213.399999999992,NaN
213.499999999992,NaN
213.599999999992,NaN
213.699999999992,NaN
213.799999999992,NaN
213.899999999992,NaN
213.999999999992,NaN
214.099999999992,NaN
214.199999999992,NaN
214.299999999992,NaN
214.399999999992,NaN
214.499999999992,NaN
214.599999999992,NaN
214.699999999992,NaN
214.799999999992,NaN
214.899999999992,NaN
214.999999999992,NaN
215.099999999992,NaN
215.199999999992,NaN
215.299999999992,NaN
215.399999999992,NaN
215.499999999992,NaN
215.599999999992,NaN
215.699999999992,NaN
215.799999999992,NaN
215.899999999992,NaN
215.999999999992,NaN
216.099999999992,NaN
216.199999999992,NaN
216.299999999992,NaN
216.399999999992,NaN
216.499999999992,NaN
216.599999999992,NaN
216.699999999992,NaN
216.799999999992,NaN
216.899999999992,NaN
216.999999999992,NaN
217.099999999992,NaN
217.199999999992,NaN
217.299999999992,NaN
217.399999999992,NaN
217.499999999992,NaN
217.599999999992,NaN
217.699999999992,NaN
217.799999999992,NaN
217.899999999992,NaN
217.999999999992,NaN
218.099999999992,NaN
218.199999999992,NaN
218.299999999992,NaN
218.399999999992,NaN
218.499999999992,NaN
218.599999999992,NaN
218.699999999992,NaN
218.799999999992,NaN
218.899999999992,NaN
218.999999999992,NaN
219.099999999992,NaN
219.199999999992,NaN
219.299999999992,NaN
219.399999999992,NaN
219.499999999992,NaN
219.599999999992,NaN
219.699999999992,NaN
219.799999999992,NaN
219.899999999992,NaN
219.999999999992,NaN
220.099999999992,NaN
220.199999999992,NaN
220.299999999992,NaN
220.399999999992,NaN
220.499999999992,NaN
220.599999999992,NaN
220.699999999992,NaN
220.799999999992,NaN
220.899999999992,NaN
220.999999999992,NaN
221.099999999992,NaN
221.199999999992,NaN
221.299999999992,NaN
221.399999999992,NaN
221.499999999992,NaN
221.599999999992,NaN
221.699999999992,NaN
221.799999999992,NaN
221.899999999992,NaN
221.999999999992,NaN
222.099999999992,NaN
222.199999999992,NaN
222.299999999992,NaN
222.399999999992,NaN
222.499999999992,NaN
222.599999999992,NaN
222.699999999992,NaN
222.799999999992,NaN
222.899999999992,NaN
222.999999999992,NaN
223.099999999992,NaN
223.199999999992,NaN
223.299999999992,NaN
223.399999999992,NaN
223.499999999992,NaN
223.599999999992,NaN
223.699999999992,NaN
223.799999999992,NaN
223.899999999992,NaN
223.999999999992,NaN
224.099999999992,NaN
224.199999999992,NaN
224.299999999992,NaN
224.399999999992,NaN
224.499999999992,NaN
224.599999999992,NaN
224.699999999992,NaN
224.799999999992,NaN
224.899999999992,NaN
224.999999999992,NaN
225.099999999991,NaN
225.199999999991,NaN
225.299999999991,NaN
225.399999999991,NaN
225.499999999991,NaN
225.599999999991,NaN
225.699999999991,NaN
225.799999999991,NaN
225.899999999991,NaN
225.999999999991,NaN
226.099999999991,NaN
226.199999999991,NaN
226.299999999991,NaN
226.399999999991,NaN
226.499999999991,NaN
226.599999999991,NaN
226.699999999991,NaN
226.799999999991,NaN
226.899999999991,NaN
226.999999999991,NaN
227.099999999991,NaN
227.199999999991,NaN
227.299999999991,NaN
227.399999999991,NaN
227.499999999991,NaN
227.599999999991,NaN
227.699999999991,NaN
227.799999999991,NaN
227.899999999991,NaN
227.999999999991,NaN
228.099999999991,NaN
228.199999999991,NaN
228.299999999991,NaN
228.399999999991,NaN
228.499999999991,NaN
228.599999999991,NaN
228.699999999991,NaN
228.799999999991,NaN
228.899999999991,NaN
228.999999999991,NaN
229.099999999991,NaN
229.199999999991,NaN
229.299999999991,NaN
229.399999999991,NaN
229.499999999991,NaN
229.599999999991,NaN
229.699999999991,NaN
229.799999999991,NaN
229.899999999991,NaN
229.999999999991,NaN
230.099999999991,NaN
230.199999999991,NaN
230.299999999991,NaN
230.399999999991,NaN
230.499999999991,NaN
230.599999999991,NaN
230.699999999991,NaN
230.799999999991,NaN
230.899999999991,NaN
230.999999999991,NaN
231.099999999991,NaN
231.199999999991,NaN
231.299999999991,NaN
231.399999999991,NaN
231.499999999991,NaN
231.599999999991,NaN
231.699999999991,NaN
231.799999999991,NaN
231.899999999991,NaN
231.999999999991,NaN
232.099999999991,NaN
232.199999999991,NaN
232.299999999991,NaN
232.399999999991,NaN
232.499999999991,NaN
232.599999999991,NaN
232.699999999991,NaN
232.799999999991,NaN
232.899999999991,NaN
232.999999999991,NaN
233.099999999991,NaN
233.199999999991,NaN
233.299999999991,NaN
233.399999999991,NaN
233.499999999991,NaN
233.599999999991,NaN
233.699999999991,NaN
233.799999999991,NaN
233.899999999991,NaN
233.999999999991,NaN
234.099999999991,NaN
234.199999999991,NaN
234.299999999991,NaN
234.399999999991,NaN
234.499999999991,NaN
234.599999999991,NaN
234.699999999991,NaN
234.799999999991,NaN
234.899999999991,NaN
234.999999999991,NaN
235.099999999991,NaN
235.199999999991,NaN
235.299999999991,NaN
235.399999999991,NaN
235.499999999991,NaN
235.599999999991,NaN
235.699999999991,NaN
235.799999999991,NaN
235.899999999991,NaN
235.999999999991,NaN
236.099999999991,NaN
236.199999999991,NaN
236.299999999991,NaN
236.399999999991,NaN
236.499999999991,NaN
236.599999999991,NaN
236.699999999991,NaN
236.799999999991,NaN
236.899999999991,NaN
236.999999999991,NaN
237.099999999991,NaN
237.199999999991,NaN
237.299999999991,NaN
237.399999999991,NaN
237.499999999991,NaN
237.599999999991,NaN
237.699999999991,NaN
237.799999999991,NaN
237.899999999991,NaN
237.999999999991,NaN
238.099999999991,NaN
238.199999999991,NaN
238.299999999991,NaN
238.399999999991,NaN
238.499999999991,NaN
238.599999999991,NaN
238.699999999991,NaN
238.799999999991,NaN
238.899999999991,NaN
238.999999999991,NaN
239.099999999991,NaN
239.199999999991,NaN
239.299999999991,NaN
239.399999999991,NaN
239.499999999991,NaN
239.599999999991,NaN
239.699999999991,NaN
239.799999999991,NaN
239.899999999991,NaN
239.999999999991,NaN
240.099999999991,NaN
240.199999999991,NaN
240.299999999991,NaN
240.399999999991,NaN
240.499999999991,NaN
240.599999999991,NaN
240.699999999991,NaN
240.799999999991,NaN
240.899999999991,NaN
240.999999999991,NaN
241.099999999991,NaN
241.199999999991,NaN
241.299999999991,NaN
241.399999999991,NaN
241.499999999991,NaN
241.599999999991,NaN
241.699999999991,NaN
241.799999999991,NaN
241.899999999991,NaN
241.999999999991,NaN
242.099999999991,NaN
242.199999999991,NaN
242.299999999991,NaN
242.399999999991,NaN
242.499999999991,NaN
242.599999999991,NaN
242.69999999999,NaN
242.79999999999,NaN
242.89999999999,NaN
242.99999999999,NaN
243.09999999999,NaN
243.19999999999,NaN
243.29999999999,NaN
243.39999999999,NaN
243.49999999999,NaN
243.59999999999,NaN
243.69999999999,NaN
243.79999999999,NaN
243.89999999999,NaN
243.99999999999,NaN
244.09999999999,NaN
244.19999999999,NaN
244.29999999999,NaN
244.39999999999,NaN
244.49999999999,NaN
244.59999999999,NaN
244.69999999999,NaN
244.79999999999,NaN
244.89999999999,NaN
244.99999999999,NaN
245.09999999999,NaN
245.19999999999,NaN
245.29999999999,NaN
245.39999999999,NaN
245.49999999999,NaN
245.59999999999,NaN
245.69999999999,NaN
245.79999999999,NaN
245.89999999999,NaN
245.99999999999,NaN
246.09999999999,NaN
246.19999999999,NaN
246.29999999999,NaN
246.39999999999,NaN
246.49999999999,NaN
246.59999999999,NaN
246.69999999999,NaN
246.79999999999,NaN
246.89999999999,NaN
246.99999999999,NaN
247.09999999999,NaN
247.19999999999,NaN
247.29999999999,NaN
247.39999999999,NaN
247.49999999999,NaN
247.59999999999,NaN
247.69999999999,NaN
247.79999999999,NaN
247.89999999999,NaN
247.99999999999,NaN
248.09999999999,NaN
248.19999999999,NaN
248.29999999999,NaN
248.39999999999,NaN
248.49999999999,NaN
248.59999999999,NaN
248.69999999999,NaN
248.79999999999,NaN
248.89999999999,NaN
248.99999999999,NaN
249.09999999999,NaN
249.19999999999,NaN
249.29999999999,NaN
249.39999999999,NaN
249.49999999999,NaN
249.59999999999,NaN
249.69999999999,NaN
249.79999999999,NaN
249.89999999999,NaN
249.99999999999,NaN
250.09999999999,NaN
250.19999999999,NaN
250.29999999999,NaN
250.39999999999,NaN
250.49999999999,NaN
250.59999999999,NaN
250.69999999999,NaN
250.79999999999,NaN
250.89999999999,NaN
250.99999999999,NaN
251.09999999999,NaN
251.19999999999,NaN
251.29999999999,NaN
251.39999999999,NaN
251.49999999999,NaN
251.59999999999,NaN
251.69999999999,NaN
251.79999999999,NaN
251.89999999999,NaN
251.99999999999,NaN
252.09999999999,NaN
252.19999999999,NaN
252.29999999999,NaN
252.39999999999,NaN
252.49999999999,NaN
252.59999999999,NaN
252.69999999999,NaN
252.79999999999,NaN
252.89999999999,NaN
252.99999999999,NaN
253.09999999999,NaN
253.19999999999,NaN
253.29999999999,NaN
253.39999999999,NaN
253.49999999999,NaN
253.59999999999,NaN
253.69999999999,NaN
253.79999999999,NaN
253.89999999999,NaN
253.99999999999,NaN
254.09999999999,NaN
254.19999999999,NaN
254.29999999999,NaN
254.39999999999,NaN
254.49999999999,NaN
254.59999999999,NaN
254.69999999999,NaN
254.79999999999,NaN
254.89999999999,NaN
254.99999999999,NaN
255.09999999999,NaN
255.19999999999,NaN
255.29999999999,NaN
255.39999999999,NaN
255.49999999999,NaN
255.59999999999,NaN
255.69999999999,NaN
255.79999999999,NaN
255.89999999999,NaN
255.99999999999,NaN
256.09999999999,NaN
256.19999999999,NaN
256.29999999999,NaN
256.39999999999,NaN
256.49999999999,NaN
256.59999999999,NaN
256.69999999999,NaN
256.79999999999,NaN
256.89999999999,NaN
256.99999999999,NaN
257.09999999999,NaN
257.19999999999,NaN
257.29999999999,NaN
257.39999999999,NaN
257.49999999999,NaN
257.59999999999,NaN
257.69999999999,NaN
257.79999999999,NaN
257.89999999999,NaN
257.99999999999,NaN
258.09999999999,NaN
258.19999999999,NaN
258.29999999999,NaN
258.39999999999,NaN
258.49999999999,NaN
258.59999999999,NaN
258.69999999999,NaN
258.79999999999,NaN
258.89999999999,NaN
258.99999999999,NaN
259.09999999999,NaN
259.19999999999,NaN
259.29999999999,NaN
259.39999999999,NaN
259.499999999991,NaN
259.599999999991,NaN
259.699999999991,NaN
259.799999999991,NaN
259.899999999991,NaN
259.999999999991,NaN
260.099999999991,NaN
260.199999999991,NaN
260.299999999991,NaN
260.399999999991,NaN
260.499999999991,NaN
260.599999999991,NaN
260.699999999991,NaN
260.799999999991,NaN
260.899999999991,NaN
260.999999999991,NaN
261.099999999991,NaN
261.199999999991,NaN
261.299999999991,NaN
261.399999999991,NaN
261.499999999991,NaN
261.599999999991,NaN
261.699999999991,NaN
261.799999999991,NaN
261.899999999991,NaN
261.999999999991,NaN
262.099999999991,NaN
262.199999999991,NaN
262.299999999991,NaN
262.399999999991,NaN
262.499999999991,NaN
262.599999999991,NaN
262.699999999991,NaN
262.799999999991,NaN
262.899999999991,NaN
262.999999999991,NaN
263.099999999991,NaN
263.199999999991,NaN
263.299999999991,NaN
263.399999999991,NaN
263.499999999991,NaN
263.599999999991,NaN
263.699999999991,NaN
263.799999999991,NaN
263.899999999992,NaN
263.999999999992,NaN
264.099999999992,NaN
264.199999999992,NaN
264.299999999992,NaN
264.399999999992,NaN
264.499999999992,NaN
264.599999999992,NaN
264.699999999992,NaN
264.799999999992,NaN
264.899999999992,NaN
264.999999999992,NaN
265.099999999992,NaN
265.199999999992,NaN
265.299999999992,NaN
265.399999999992,NaN
265.499999999992,NaN
265.599999999992,NaN
265.699999999992,NaN
265.799999999992,NaN
265.899999999992,NaN
265.999999999992,NaN
266.099999999992,NaN
266.199999999992,NaN
266.299999999992,NaN
266.399999999992,NaN
266.499999999992,NaN
266.599999999992,NaN
266.699999999992,NaN
266.799999999992,NaN
266.899999999992,NaN
266.999999999992,NaN
267.099999999992,NaN
267.199999999992,NaN
267.299999999992,NaN
267.399999999992,NaN
267.499999999992,NaN
267.599999999992,NaN
267.699999999992,NaN
267.799999999992,NaN
267.899999999992,NaN
267.999999999992,NaN
268.099999999992,NaN
268.199999999992,NaN
268.299999999993,NaN
268.399999999993,NaN
268.499999999993,NaN
268.599999999993,NaN
268.699999999993,NaN
268.799999999993,NaN
268.899999999993,NaN
268.999999999993,NaN
269.099999999993,NaN
269.199999999993,NaN
269.299999999993,NaN
269.399999999993,NaN
269.499999999993,NaN
269.599999999993,NaN
269.699999999993,NaN
269.799999999993,NaN
269.899999999993,NaN
269.999999999993,NaN
270.099999999993,NaN
270.199999999993,NaN
270.299999999993,NaN
270.399999999993,NaN
270.499999999993,NaN
270.599999999993,NaN
270.699999999993,NaN
270.799999999993,NaN
270.899999999993,NaN
270.999999999993,NaN
271.099999999993,NaN
271.199999999993,NaN
271.299999999993,NaN
271.399999999993,NaN
271.499999999993,NaN
271.599999999993,NaN
271.699999999993,NaN
271.799999999993,NaN
271.899999999993,NaN
271.999999999993,NaN
272.099999999993,NaN
272.199999999993,NaN
272.299999999993,NaN
272.399999999993,NaN
272.499999999993,NaN
272.599999999993,NaN
272.699999999994,NaN
272.799999999994,NaN
272.899999999994,NaN
272.999999999994,NaN
273.099999999994,NaN
273.199999999994,NaN
273.299999999994,NaN
273.399999999994,NaN
273.499999999994,NaN
273.599999999994,NaN
273.699999999994,NaN
273.799999999994,NaN
273.899999999994,NaN
273.999999999994,NaN
274.099999999994,NaN
274.199999999994,NaN
274.299999999994,NaN
274.399999999994,NaN
274.499999999994,NaN
274.599999999994,NaN
274.699999999994,NaN
274.799999999994,NaN
274.899999999994,NaN
274.999999999994,NaN
275.099999999994,NaN
275.199999999994,NaN
275.299999999994,NaN
275.399999999994,NaN
275.499999999994,NaN
275.599999999994,NaN
275.699999999994,NaN
275.799999999994,NaN
275.899999999994,NaN
275.999999999994,NaN
276.099999999994,NaN
276.199999999994,NaN
276.299999999994,NaN
276.399999999994,NaN
276.499999999994,NaN
276.599999999994,NaN
276.699999999994,NaN
276.799999999994,NaN
276.899999999994,NaN
276.999999999994,NaN
277.099999999995,NaN
277.199999999995,NaN
277.299999999995,NaN
277.399999999995,NaN
277.499999999995,NaN
277.599999999995,NaN
277.699999999995,NaN
277.799999999995,NaN
277.899999999995,NaN
277.999999999995,NaN
278.099999999995,NaN
278.199999999995,NaN
278.299999999995,NaN
278.399999999995,NaN
278.499999999995,NaN
278.599999999995,NaN
278.699999999995,NaN
278.799999999995,NaN
278.899999999995,NaN
278.999999999995,NaN
279.099999999995,NaN
279.199999999995,NaN
279.299999999995,NaN
279.399999999995,NaN
279.499999999995,NaN
279.599999999995,NaN
279.699999999995,NaN
279.799999999995,NaN
279.899999999995,NaN
279.999999999995,NaN
280.099999999995,NaN
280.199999999995,NaN
280.299999999995,NaN
280.399999999995,NaN
280.499999999995,NaN
280.599999999995,NaN
280.699999999995,NaN
280.799999999995,NaN
280.899999999995,NaN
280.999999999995,NaN
281.099999999995,NaN
281.199999999995,NaN
281.299999999995,NaN
281.399999999995,NaN
281.499999999996,NaN
281.599999999996,NaN
281.699999999996,NaN
281.799999999996,NaN
281.899999999996,NaN
281.999999999996,NaN
282.099999999996,NaN
282.199999999996,NaN
282.299999999996,NaN
282.399999999996,NaN
282.499999999996,NaN
282.599999999996,NaN
282.699999999996,NaN
282.799999999996,NaN
282.899999999996,NaN
282.999999999996,NaN
283.099999999996,NaN
283.199999999996,NaN
283.299999999996,NaN
283.399999999996,NaN
283.499999999996,NaN
283.599999999996,NaN
283.699999999996,NaN
283.799999999996,NaN
283.899999999996,NaN
283.999999999996,NaN
284.099999999996,NaN
284.199999999996,NaN
284.299999999996,NaN
284.399999999996,NaN
284.499999999996,NaN
284.599999999996,NaN
284.699999999996,NaN
284.799999999996,NaN
284.899999999996,NaN
284.999999999996,NaN
285.099999999996,NaN
285.199999999996,NaN
285.299999999996,NaN
285.399999999996,NaN
285.499999999996,NaN
285.599999999996,NaN
285.699999999996,NaN
285.799999999996,NaN
285.899999999997,NaN
285.999999999997,NaN
286.099999999997,NaN
286.199999999997,NaN
286.299999999997,NaN
286.399999999997,NaN
286.499999999997,NaN
286.599999999997,NaN
286.699999999997,NaN
286.799999999997,NaN
286.899999999997,NaN
286.999999999997,NaN
287.099999999997,NaN
287.199999999997,NaN
287.299999999997,NaN
287.399999999997,NaN
287.499999999997,NaN
287.599999999997,NaN
287.699999999997,NaN
287.799999999997,NaN
287.899999999997,NaN
287.999999999997,NaN
288.099999999997,NaN
288.199999999997,NaN
288.299999999997,NaN
288.399999999997,NaN
288.499999999997,NaN
288.599999999997,NaN
288.699999999997,NaN
288.799999999997,NaN
288.899999999997,NaN
288.999999999997,NaN
289.099999999997,NaN
289.199999999997,NaN
289.299999999997,NaN
289.399999999997,NaN
289.499999999997,NaN
289.599999999997,NaN
289.699999999997,NaN
289.799999999997,NaN
289.899999999997,NaN
289.999999999997,NaN
290.099999999997,NaN
290.199999999997,NaN
290.299999999998,NaN
290.399999999998,NaN
290.499999999998,NaN
290.599999999998,NaN
290.699999999998,NaN
290.799999999998,NaN
290.899999999998,NaN
290.999999999998,NaN
291.099999999998,NaN
291.199999999998,NaN
291.299999999998,NaN
291.399999999998,NaN
291.499999999998,NaN
291.599999999998,NaN
291.699999999998,NaN
291.799999999998,NaN
291.899999999998,NaN
291.999999999998,NaN
292.099999999998,NaN
292.199999999998,NaN
292.299999999998,NaN
292.399999999998,NaN
292.499999999998,NaN
292.599999999998,NaN
292.699999999998,NaN
292.799999999998,NaN
292.899999999998,NaN
292.999999999998,NaN
293.099999999998,NaN
293.199999999998,NaN
293.299999999998,NaN
293.399999999998,NaN
293.499999999998,NaN
293.599999999998,NaN
293.699999999998,NaN
293.799999999998,NaN
293.899999999998,NaN
293.999999999998,NaN
294.099999999998,NaN
294.199999999998,NaN
294.299999999998,NaN
294.399999999998,NaN
294.499999999998,NaN
294.599999999998,NaN
294.699999999999,NaN
294.799999999999,NaN
294.899999999999,NaN
294.999999999999,NaN
295.099999999999,NaN
295.199999999999,NaN
295.299999999999,NaN
295.399999999999,NaN
295.499999999999,NaN
295.599999999999,NaN
295.699999999999,NaN
295.799999999999,NaN
295.899999999999,NaN
295.999999999999,NaN
296.099999999999,NaN
296.199999999999,NaN
296.299999999999,NaN
296.399999999999,NaN
296.499999999999,NaN
296.599999999999,NaN
296.699999999999,NaN
296.799999999999,NaN
296.899999999999,NaN
296.999999999999,NaN
297.099999999999,NaN
297.199999999999,NaN
297.299999999999,NaN
297.399999999999,NaN
297.499999999999,NaN
297.599999999999,NaN
297.699999999999,NaN
297.799999999999,NaN
297.899999999999,NaN
297.999999999999,NaN
298.099999999999,NaN
298.199999999999,NaN
298.299999999999,NaN
298.399999999999,NaN
298.499999999999,NaN
298.599999999999,NaN
298.699999999999,NaN
298.799999999999,NaN
298.899999999999,NaN
298.999999999999,NaN
299.1,NaN
299.2,NaN
299.3,NaN
299.4,NaN
299.5,NaN
299.6,NaN
299.7,NaN
299.8,NaN
299.9,NaN
300,NaN
300.1,NaN
300.2,NaN
300.3,NaN
300.4,NaN
300.5,NaN
300.6,NaN
300.7,NaN
300.8,NaN
300.9,NaN
301,NaN
301.1,NaN
301.2,NaN
301.3,NaN
301.4,NaN
301.5,NaN
301.6,NaN
301.7,NaN
301.8,NaN
301.9,NaN
302,NaN
302.1,NaN
302.2,NaN
302.3,NaN
302.4,NaN
302.5,NaN
302.6,NaN
302.7,NaN
302.8,NaN
302.9,NaN
303,NaN
303.1,NaN
303.2,NaN
303.3,NaN
303.4,NaN
303.500000000001,NaN
303.600000000001,NaN
303.700000000001,NaN
303.800000000001,NaN
303.900000000001,NaN
304.000000000001,NaN
304.100000000001,NaN
304.200000000001,NaN
304.300000000001,NaN
304.400000000001,NaN
304.500000000001,NaN
304.600000000001,NaN
304.700000000001,NaN
304.800000000001,NaN
304.900000000001,NaN
305.000000000001,NaN
305.100000000001,NaN
305.200000000001,NaN
305.300000000001,NaN
305.400000000001,NaN
305.500000000001,NaN
305.600000000001,NaN
305.700000000001,NaN
305.800000000001,NaN
305.900000000001,NaN
306.000000000001,NaN
306.100000000001,NaN
306.200000000001,NaN
306.300000000001,NaN
306.400000000001,NaN
306.500000000001,NaN
306.600000000001,NaN
306.700000000001,NaN
306.800000000001,NaN
306.900000000001,NaN
307.000000000001,NaN
307.100000000001,NaN
307.200000000001,NaN
307.300000000001,NaN
307.400000000001,NaN
307.500000000001,NaN
307.600000000001,NaN
307.700000000001,NaN
307.800000000001,NaN
307.900000000002,NaN
308.000000000002,NaN
308.100000000002,NaN
308.200000000002,NaN
308.300000000002,NaN
308.400000000002,NaN
308.500000000002,NaN
308.600000000002,NaN
308.700000000002,NaN
308.800000000002,NaN
308.900000000002,NaN
309.000000000002,NaN
309.100000000002,NaN
309.200000000002,NaN
309.300000000002,NaN
309.400000000002,NaN
309.500000000002,NaN
309.600000000002,NaN
309.700000000002,NaN
309.800000000002,NaN
309.900000000002,NaN
310.000000000002,NaN
310.100000000002,NaN
310.200000000002,NaN
310.300000000002,NaN
310.400000000002,NaN
310.500000000002,NaN
310.600000000002,NaN
310.700000000002,NaN
310.800000000002,NaN
310.900000000002,NaN
311.000000000002,NaN
311.100000000002,NaN
311.200000000002,NaN
311.300000000002,NaN
311.400000000002,NaN
311.500000000002,NaN
311.600000000002,NaN
311.700000000002,NaN
311.800000000002,NaN
311.900000000002,NaN
312.000000000002,NaN
312.100000000002,NaN
312.200000000002,NaN
312.300000000003,NaN
312.400000000003,NaN
312.500000000003,NaN
312.600000000003,NaN
312.700000000003,NaN
312.800000000003,NaN
312.900000000003,NaN
313.000000000003,NaN
313.100000000003,NaN
313.200000000003,NaN
313.300000000003,NaN
313.400000000003,NaN
313.500000000003,NaN
313.600000000003,NaN
313.700000000003,NaN
313.800000000003,NaN
313.900000000003,NaN
314.000000000003,NaN
314.100000000003,NaN
314.200000000003,NaN
314.300000000003,NaN
314.400000000003,NaN
314.500000000003,NaN
314.600000000003,NaN
314.700000000003,NaN
314.800000000003,NaN
314.900000000003,NaN
315.000000000003,NaN
315.100000000003,NaN
315.200000000003,NaN
315.300000000003,NaN
315.400000000003,NaN
315.500000000003,NaN
315.600000000003,NaN
315.700000000003,NaN
315.800000000003,NaN
315.900000000003,NaN
316.000000000003,NaN
316.100000000003,NaN
316.200000000003,NaN
316.300000000003,NaN
316.400000000003,NaN
316.500000000003,NaN
316.600000000003,NaN
316.700000000004,NaN
316.800000000004,NaN
316.900000000004,NaN
317.000000000004,NaN
317.100000000004,NaN
317.200000000004,NaN
317.300000000004,NaN
317.400000000004,NaN
317.500000000004,NaN
317.600000000004,NaN
317.700000000004,NaN
317.800000000004,NaN
317.900000000004,NaN
318.000000000004,NaN
318.100000000004,NaN
318.200000000004,NaN
318.300000000004,NaN
318.400000000004,NaN
318.500000000004,NaN
318.600000000004,NaN
318.700000000004,NaN
318.800000000004,NaN
318.900000000004,NaN
319.000000000004,NaN
319.100000000004,NaN
319.200000000004,NaN
319.300000000004,NaN
319.400000000004,NaN
319.500000000004,NaN
319.600000000004,NaN
319.700000000004,NaN
319.800000000004,NaN
319.900000000004,NaN
320.000000000004,NaN
320.100000000004,NaN
320.200000000004,NaN
320.300000000004,NaN
320.400000000004,NaN
320.500000000004,NaN
320.600000000004,NaN
320.700000000004,NaN
320.800000000004,NaN
320.900000000004,NaN
321.000000000004,NaN
321.100000000005,NaN
321.200000000005,NaN
321.300000000005,NaN
321.400000000005,NaN
321.500000000005,NaN
321.600000000005,NaN
321.700000000005,NaN
321.800000000005,NaN
321.900000000005,NaN
322.000000000005,NaN
322.100000000005,NaN
322.200000000005,NaN
322.300000000005,NaN
322.400000000005,NaN
322.500000000005,NaN
322.600000000005,NaN
322.700000000005,NaN
322.800000000005,NaN
322.900000000005,NaN
323.000000000005,NaN
323.100000000005,NaN
323.200000000005,NaN
323.300000000005,NaN
323.400000000005,NaN
323.500000000005,NaN
323.600000000005,NaN
323.700000000005,NaN
323.800000000005,NaN
323.900000000005,NaN
324.000000000005,NaN
324.100000000005,NaN
324.200000000005,NaN
324.300000000005,NaN
324.400000000005,NaN
324.500000000005,NaN
324.600000000005,NaN
324.700000000005,NaN
324.800000000005,NaN
324.900000000005,NaN
325.000000000005,NaN
325.100000000005,NaN
325.200000000005,NaN
325.300000000005,NaN
325.400000000005,NaN
325.500000000006,NaN
325.600000000006,NaN
325.700000000006,NaN
325.800000000006,NaN
325.900000000006,NaN
326.000000000006,NaN
326.100000000006,NaN
326.200000000006,NaN
326.300000000006,NaN
326.400000000006,NaN
326.500000000006,NaN
326.600000000006,NaN
326.700000000006,NaN
326.800000000006,NaN
326.900000000006,NaN
327.000000000006,NaN
327.100000000006,NaN
327.200000000006,NaN
327.300000000006,NaN
327.400000000006,NaN
327.500000000006,NaN
327.600000000006,NaN
327.700000000006,NaN
327.800000000006,NaN
327.900000000006,NaN
328.000000000006,NaN
328.100000000006,NaN
328.200000000006,NaN
328.300000000006,NaN
328.400000000006,NaN
328.500000000006,NaN
328.600000000006,NaN
328.700000000006,NaN
328.800000000006,NaN
328.900000000006,NaN
329.000000000006,NaN
329.100000000006,NaN
329.200000000006,NaN
329.300000000006,NaN
329.400000000006,NaN
329.500000000006,NaN
329.600000000006,NaN
329.700000000006,NaN
329.800000000006,NaN
329.900000000007,NaN
330.000000000007,NaN
330.100000000007,NaN
330.200000000007,NaN
330.300000000007,NaN
330.400000000007,NaN
330.500000000007,NaN
330.600000000007,NaN
330.700000000007,NaN
330.800000000007,NaN
330.900000000007,NaN
331.000000000007,NaN
331.100000000007,NaN
331.200000000007,NaN
331.300000000007,NaN
331.400000000007,NaN
331.500000000007,NaN
331.600000000007,NaN
331.700000000007,NaN
331.800000000007,NaN
331.900000000007,NaN
332.000000000007,NaN
332.100000000007,NaN
332.200000000007,NaN
332.300000000007,NaN
332.400000000007,NaN
332.500000000007,NaN
332.600000000007,NaN
332.700000000007,NaN
332.800000000007,NaN
332.900000000007,NaN
333.000000000007,NaN
333.100000000007,NaN
333.200000000007,NaN
333.300000000007,NaN
333.400000000007,NaN
333.500000000007,NaN
333.600000000007,NaN
333.700000000007,NaN
333.800000000007,NaN
333.900000000007,NaN
334.000000000007,NaN
334.100000000007,NaN
334.200000000007,NaN
334.300000000008,NaN
334.400000000008,NaN
334.500000000008,NaN
334.600000000008,NaN
334.700000000008,NaN
334.800000000008,NaN
334.900000000008,NaN
335.000000000008,NaN
335.100000000008,NaN
335.200000000008,NaN
335.300000000008,NaN
335.400000000008,NaN
335.500000000008,NaN
335.600000000008,NaN
335.700000000008,NaN
335.800000000008,NaN
335.900000000008,NaN
336.000000000008,NaN
336.100000000008,NaN
336.200000000008,NaN
336.300000000008,NaN
336.400000000008,NaN
336.500000000008,NaN
336.600000000008,NaN
336.700000000008,NaN
336.800000000008,NaN
336.900000000008,NaN
337.000000000008,NaN
337.100000000008,NaN
337.200000000008,NaN
337.300000000008,NaN
337.400000000008,NaN
337.500000000008,NaN
337.600000000008,NaN
337.700000000008,NaN
337.800000000008,NaN
337.900000000008,NaN
338.000000000008,NaN
338.100000000008,NaN
338.200000000008,NaN
338.300000000008,NaN
338.400000000008,NaN
338.500000000008,NaN
338.600000000008,NaN
338.700000000009,NaN
338.800000000009,NaN
338.900000000009,NaN
339.000000000009,NaN
339.100000000009,NaN
339.200000000009,NaN
339.300000000009,NaN
339.400000000009,NaN
339.500000000009,NaN
339.600000000009,NaN
339.700000000009,NaN
339.800000000009,NaN
339.900000000009,NaN
340.000000000009,NaN
340.100000000009,NaN
340.200000000009,NaN
340.300000000009,NaN
340.400000000009,NaN
340.500000000009,NaN
340.600000000009,NaN
340.700000000009,NaN
340.800000000009,NaN
340.900000000009,NaN
341.000000000009,NaN
341.100000000009,NaN
341.200000000009,NaN
341.300000000009,NaN
341.400000000009,NaN
341.500000000009,NaN
341.600000000009,NaN
341.700000000009,NaN
341.800000000009,NaN
341.900000000009,NaN
342.000000000009,NaN
342.100000000009,NaN
342.200000000009,NaN
342.300000000009,NaN
342.400000000009,NaN
342.500000000009,NaN
342.600000000009,NaN
342.700000000009,NaN
342.800000000009,NaN
342.900000000009,NaN
343.000000000009,NaN
343.10000000001,NaN
343.20000000001,NaN
343.30000000001,NaN
343.40000000001,NaN
343.50000000001,NaN
343.60000000001,NaN
343.70000000001,NaN
343.80000000001,NaN
343.90000000001,NaN
344.00000000001,NaN
344.10000000001,NaN
344.20000000001,NaN
344.30000000001,NaN
344.40000000001,NaN
344.50000000001,NaN
344.60000000001,NaN
344.70000000001,NaN
344.80000000001,NaN
344.90000000001,NaN
345.00000000001,NaN
345.10000000001,NaN
345.20000000001,NaN
345.30000000001,NaN
345.40000000001,NaN
345.50000000001,NaN
345.60000000001,NaN
345.70000000001,NaN
345.80000000001,NaN
345.90000000001,NaN
346.00000000001,NaN
346.10000000001,NaN
346.20000000001,NaN
346.30000000001,NaN
346.40000000001,NaN
346.50000000001,NaN
346.60000000001,NaN
346.70000000001,NaN
346.80000000001,NaN
346.90000000001,NaN
347.00000000001,NaN
347.10000000001,NaN
347.20000000001,NaN
347.30000000001,NaN
347.40000000001,NaN
347.500000000011,NaN
347.600000000011,NaN
347.700000000011,NaN
347.800000000011,NaN
347.900000000011,NaN
348.000000000011,NaN
348.100000000011,NaN
348.200000000011,NaN
348.300000000011,NaN
348.400000000011,NaN
348.500000000011,NaN
348.600000000011,NaN
348.700000000011,NaN
348.800000000011,NaN
348.900000000011,NaN
349.000000000011,NaN
349.100000000011,NaN
349.200000000011,NaN
349.300000000011,NaN
349.400000000011,NaN
349.500000000011,NaN
349.600000000011,NaN
349.700000000011,NaN
349.800000000011,NaN
349.900000000011,NaN
350.000000000011,NaN
350.100000000011,NaN
350.200000000011,NaN
350.300000000011,NaN
350.400000000011,NaN
350.500000000011,NaN
350.600000000011,NaN
350.700000000011,NaN
350.800000000011,NaN
350.900000000011,NaN
351.000000000011,NaN
351.100000000011,NaN
351.200000000011,NaN
351.300000000011,NaN
351.400000000011,NaN
351.500000000011,NaN
351.600000000011,NaN
351.700000000011,NaN
351.800000000011,NaN
351.900000000012,NaN
352.000000000012,NaN
352.100000000012,NaN
352.200000000012,NaN
352.300000000012,NaN
352.400000000012,NaN
352.500000000012,NaN
352.600000000012,NaN
352.700000000012,NaN
352.800000000012,NaN
352.900000000012,NaN
353.000000000012,NaN
353.100000000012,NaN
353.200000000012,NaN
353.300000000012,NaN
353.400000000012,NaN
353.500000000012,NaN
353.600000000012,NaN
353.700000000012,NaN
353.800000000012,NaN
353.900000000012,NaN
354.000000000012,NaN
354.100000000012,NaN
354.200000000012,NaN
354.300000000012,NaN
354.400000000012,NaN
354.500000000012,NaN
354.600000000012,NaN
354.700000000012,NaN
354.800000000012,NaN
354.900000000012,NaN
355.000000000012,NaN
355.100000000012,NaN
355.200000000012,NaN
355.300000000012,NaN
355.400000000012,NaN
355.500000000012,NaN
355.600000000012,NaN
355.700000000012,NaN
355.800000000012,NaN
355.900000000012,NaN
356.000000000012,NaN
356.100000000012,NaN
356.200000000012,NaN
356.300000000013,NaN
356.400000000013,NaN
356.500000000013,NaN
356.600000000013,NaN
356.700000000013,NaN
356.800000000013,NaN
356.900000000013,NaN
357.000000000013,NaN
357.100000000013,NaN
357.200000000013,NaN
357.300000000013,NaN
357.400000000013,NaN
357.500000000013,NaN
357.600000000013,NaN
357.700000000013,NaN
357.800000000013,NaN
357.900000000013,NaN
358.000000000013,NaN
358.100000000013,NaN
358.200000000013,NaN
358.300000000013,NaN
358.400000000013,NaN
358.500000000013,NaN
358.600000000013,NaN
358.700000000013,NaN
358.800000000013,NaN
358.900000000013,NaN
359.000000000013,NaN
359.100000000013,NaN
359.200000000013,NaN
359.300000000013,NaN
359.400000000013,NaN
359.500000000013,NaN
359.600000000013,NaN
359.700000000013,NaN
359.800000000013,NaN
359.900000000013,NaN
360.000000000013,NaN
360.100000000013,NaN
360.200000000013,NaN
360.300000000013,NaN
360.400000000013,NaN
360.500000000013,NaN
360.600000000013,NaN
360.700000000014,NaN
360.800000000014,NaN
360.900000000014,NaN
361.000000000014,NaN
361.100000000014,NaN
361.200000000014,NaN
361.300000000014,NaN
361.400000000014,NaN
361.500000000014,NaN
361.600000000014,NaN
361.700000000014,NaN
361.800000000014,NaN
361.900000000014,NaN
362.000000000014,NaN
362.100000000014,NaN
362.200000000014,NaN
362.300000000014,NaN
362.400000000014,NaN
362.500000000014,NaN
362.600000000014,NaN
362.700000000014,NaN
362.800000000014,NaN
362.900000000014,NaN
363.000000000014,NaN
363.100000000014,NaN
363.200000000014,NaN
363.300000000014,NaN
363.400000000014,NaN
363.500000000014,NaN
363.600000000014,NaN
363.700000000014,NaN
363.800000000014,NaN
363.900000000014,NaN
364.000000000014,NaN
364.100000000014,NaN
364.200000000014,NaN
364.300000000014,NaN
364.400000000014,NaN
364.500000000014,NaN
364.600000000014,NaN
364.700000000014,NaN
364.800000000014,NaN
364.900000000014,NaN
365.000000000014,NaN
365.100000000015,NaN
365.200000000015,NaN
365.300000000015,NaN
365.400000000015,NaN
365.500000000015,NaN
365.600000000015,NaN
365.700000000015,NaN
365.800000000015,NaN
365.900000000015,NaN
366.000000000015,NaN
366.100000000015,NaN
366.200000000015,NaN
366.300000000015,NaN
366.400000000015,NaN
366.500000000015,NaN
366.600000000015,NaN
366.700000000015,NaN
366.800000000015,NaN
366.900000000015,NaN
367.000000000015,NaN
367.100000000015,NaN
367.200000000015,NaN
367.300000000015,NaN
367.400000000015,NaN
367.500000000015,NaN
367.600000000015,NaN
367.700000000015,NaN
367.800000000015,NaN
367.900000000015,NaN
368.000000000015,NaN
368.100000000015,NaN
368.200000000015,NaN
368.300000000015,NaN
368.400000000015,NaN
368.500000000015,NaN
368.600000000015,NaN
368.700000000015,NaN
368.800000000015,NaN
368.900000000015,NaN
369.000000000015,NaN
369.100000000015,NaN
369.200000000015,NaN
369.300000000015,NaN
369.400000000015,NaN
369.500000000016,NaN
369.600000000016,NaN
369.700000000016,NaN
369.800000000016,NaN
369.900000000016,NaN
370.000000000016,NaN
370.100000000016,NaN
370.200000000016,NaN
370.300000000016,NaN
370.400000000016,NaN
370.500000000016,NaN
370.600000000016,NaN
370.700000000016,NaN
370.800000000016,NaN
370.900000000016,NaN
371.000000000016,NaN
371.100000000016,NaN
371.200000000016,NaN
371.300000000016,NaN
371.400000000016,NaN
371.500000000016,NaN
371.600000000016,NaN
371.700000000016,NaN
371.800000000016,NaN
371.900000000016,NaN
372.000000000016,NaN
372.100000000016,NaN
372.200000000016,NaN
372.300000000016,NaN
372.400000000016,NaN
372.500000000016,NaN
372.600000000016,NaN
372.700000000016,NaN
372.800000000016,NaN
372.900000000016,NaN
373.000000000016,NaN
373.100000000016,NaN
373.200000000016,NaN
373.300000000016,NaN
373.400000000016,NaN
373.500000000016,NaN
373.600000000016,NaN
373.700000000016,NaN
373.800000000016,NaN
373.900000000017,NaN
374.000000000017,NaN
374.100000000017,NaN
374.200000000017,NaN
374.300000000017,NaN
374.400000000017,NaN
374.500000000017,NaN
374.600000000017,NaN
374.700000000017,NaN
374.800000000017,NaN
374.900000000017,NaN
375.000000000017,NaN
375.100000000017,NaN
375.200000000017,NaN
375.300000000017,NaN
375.400000000017,NaN
375.500000000017,NaN
375.600000000017,NaN
375.700000000017,NaN
375.800000000017,NaN
375.900000000017,NaN
376.000000000017,NaN
376.100000000017,NaN
376.200000000017,NaN
376.300000000017,NaN
376.400000000017,NaN
376.500000000017,NaN
376.600000000017,NaN
376.700000000017,NaN
376.800000000017,NaN
376.900000000017,NaN
377.000000000017,NaN
377.100000000017,NaN
377.200000000017,NaN
377.300000000017,NaN
377.400000000017,NaN
377.500000000017,NaN
377.600000000017,NaN
377.700000000017,NaN
377.800000000017,NaN
377.900000000017,NaN
378.000000000017,NaN
378.100000000017,NaN
378.200000000017,NaN
378.300000000018,NaN
378.400000000018,NaN
378.500000000018,NaN
378.600000000018,NaN
378.700000000018,NaN
378.800000000018,NaN
378.900000000018,NaN
379.000000000018,NaN
379.100000000018,NaN
379.200000000018,NaN
379.300000000018,NaN
379.400000000018,NaN
379.500000000018,NaN
379.600000000018,NaN
379.700000000018,NaN
379.800000000018,NaN
379.900000000018,NaN
380.000000000018,NaN
380.100000000018,NaN
380.200000000018,NaN
380.300000000018,NaN
380.400000000018,NaN
380.500000000018,NaN
380.600000000018,NaN
380.700000000018,NaN
380.800000000018,NaN
380.900000000018,NaN
381.000000000018,NaN
381.100000000018,NaN
381.200000000018,NaN
381.300000000018,NaN
381.400000000018,NaN
381.500000000018,NaN
381.600000000018,NaN
381.700000000018,NaN
381.800000000018,NaN
381.900000000018,NaN
382.000000000018,NaN
382.100000000018,NaN
382.200000000018,NaN
382.300000000018,NaN
382.400000000018,NaN
382.500000000018,NaN
382.600000000018,NaN
382.700000000019,NaN
382.800000000019,NaN
382.900000000019,NaN
383.000000000019,NaN
383.100000000019,NaN
383.200000000019,NaN
383.300000000019,NaN
383.400000000019,NaN
383.500000000019,NaN
383.600000000019,NaN
383.700000000019,NaN
383.800000000019,NaN
383.900000000019,NaN
384.000000000019,NaN
384.100000000019,NaN
384.200000000019,NaN
384.300000000019,NaN
384.400000000019,NaN
384.500000000019,NaN
384.600000000019,NaN
384.700000000019,NaN
384.800000000019,NaN
384.900000000019,NaN
385.000000000019,NaN
385.100000000019,NaN
385.200000000019,NaN
385.300000000019,NaN
385.400000000019,NaN
385.500000000019,NaN
385.600000000019,NaN
385.700000000019,NaN
385.800000000019,NaN
385.900000000019,NaN
386.000000000019,NaN
386.100000000019,NaN
386.200000000019,NaN
386.300000000019,NaN
386.400000000019,NaN
386.500000000019,NaN
386.600000000019,NaN
386.700000000019,NaN
386.800000000019,NaN
386.900000000019,NaN
387.000000000019,NaN
387.10000000002,NaN
387.20000000002,NaN
387.30000000002,NaN
387.40000000002,NaN
387.50000000002,NaN
387.60000000002,NaN
387.70000000002,NaN
387.80000000002,NaN
387.90000000002,NaN
388.00000000002,NaN
388.10000000002,NaN
388.20000000002,NaN
388.30000000002,NaN
388.40000000002,NaN
388.50000000002,NaN
388.60000000002,NaN
388.70000000002,NaN
388.80000000002,NaN
388.90000000002,NaN
389.00000000002,NaN
389.10000000002,NaN
389.20000000002,NaN
389.30000000002,NaN
389.40000000002,NaN
389.50000000002,NaN
389.60000000002,NaN
389.70000000002,NaN
389.80000000002,NaN
389.90000000002,NaN
390.00000000002,NaN
390.10000000002,NaN
390.20000000002,NaN
390.30000000002,NaN
390.40000000002,NaN
390.50000000002,NaN
390.60000000002,NaN
390.70000000002,NaN
390.80000000002,NaN
390.90000000002,NaN
391.00000000002,NaN
391.10000000002,NaN
391.20000000002,NaN
391.30000000002,NaN
391.40000000002,NaN
391.500000000021,NaN
391.600000000021,NaN
391.700000000021,NaN
391.800000000021,NaN
391.900000000021,NaN
392.000000000021,NaN
392.100000000021,NaN
392.200000000021,NaN
392.300000000021,NaN
392.400000000021,NaN
392.500000000021,NaN
392.600000000021,NaN
392.700000000021,NaN
392.800000000021,NaN
392.900000000021,NaN
393.000000000021,NaN
393.100000000021,NaN
393.200000000021,NaN
393.300000000021,NaN
393.400000000021,NaN
393.500000000021,NaN
393.600000000021,NaN
393.700000000021,NaN
393.800000000021,NaN
393.900000000021,NaN
394.000000000021,NaN
394.100000000021,NaN
394.200000000021,NaN
394.300000000021,NaN
394.400000000021,NaN
394.500000000021,NaN
394.600000000021,NaN
394.700000000021,NaN
394.800000000021,NaN
394.900000000021,NaN
395.000000000021,NaN
395.100000000021,NaN
395.200000000021,NaN
395.300000000021,NaN
395.400000000021,NaN
395.500000000021,NaN
395.600000000021,NaN
395.700000000021,NaN
395.800000000021,NaN
395.900000000022,NaN
396.000000000022,NaN
396.100000000022,NaN
396.200000000022,NaN
396.300000000022,NaN
396.400000000022,NaN
396.500000000022,NaN
396.600000000022,NaN
396.700000000022,NaN
396.800000000022,NaN
396.900000000022,NaN
397.000000000022,NaN
397.100000000022,NaN
397.200000000022,NaN
397.300000000022,NaN
397.400000000022,NaN
397.500000000022,NaN
397.600000000022,NaN
397.700000000022,NaN
397.800000000022,NaN
397.900000000022,NaN
398.000000000022,NaN
398.100000000022,NaN
398.200000000022,NaN
398.300000000022,NaN
398.400000000022,NaN
398.500000000022,NaN
398.600000000022,NaN
398.700000000022,NaN
398.800000000022,NaN
398.900000000022,NaN
399.000000000022,NaN
399.100000000022,NaN
399.200000000022,NaN
399.300000000022,NaN
399.400000000022,NaN
399.500000000022,NaN
399.600000000022,NaN
399.700000000022,NaN
399.800000000022,NaN
399.900000000022,NaN
400.000000000022,NaN
