0,0
0.1,3.22635029130849e-32
0.2,1.29555036708448e-27
0.3,6.22217658061163e-25
0.4,4.95580944729199e-23
0.5,1.49238884084144e-21
0.6,2.43521515943561e-20
0.7,2.59930118748829e-19
0.8,2.0287464013114e-18
0.9,1.24412929584591e-17
1,6.29790430184501e-17
1.1,2.72658841528484e-16
1.2,1.03658012005934e-15
1.3,3.53122866600541e-15
1.4,1.09512985177395e-14
1.5,3.13120671201948e-14
1.6,8.33905642640886e-14
1.7,2.08613788269914e-13
1.8,4.93671382838718e-13
1.9,1.11164380668751e-12
2,2.39388483717924e-12
2.1,4.95125289477761e-12
2.2,9.87210747739726e-12
2.3,1.90364143569252e-11
2.4,3.56010482607125e-11
2.5,6.47317161672664e-11
2.6,1.14682661106235e-10
2.7,1.98357277283159e-10
2.8,3.35521796527627e-10
2.9,5.55891080119913e-10
3,9.03360986206873e-10
3.1,1.44172639592075e-09
3.2,2.26229824979792e-09
3.3,3.49391718101065e-09
3.4,5.31595564618827e-09
3.5,7.97500473652203e-09
3.6,1.18060557427143e-08
3.7,1.72591094241352e-08
3.8,2.49322768964843e-08
3.9,3.56125739235653e-08
4,5.0325753718259e-08
4.1,7.03966703950761e-08
4.2,9.75218139853521e-08
4.3,1.33855806205309e-07
4.4,1.82113791529223e-07
4.5,2.45691797963755e-07
4.6,3.28807273508977e-07
4.7,4.36662124797779e-07
4.8,5.75630690952115e-07
4.9,7.53475175406642e-07
5,9.79591128502483e-07
5.1,1.2652856213206e-06
5.2,1.62409077392879e-06
5.3,2.07211529657795e-06
5.4,2.62843666826252e-06
5.5,3.31553651160033e-06
5.6,4.15978162465251e-06
5.7,5.19195299791207e-06
5.8,6.44782497744023e-06
5.9,7.96879653262445e-06
5.99999999999999,9.80257634929586e-06
6.09999999999999,1.20039231964288e-05
6.19999999999999,1.463544270824e-05
6.29999999999999,1.77684413845283e-05
6.39999999999999,2.14838382422912e-05
6.49999999999999,2.58731341531773e-05
6.59999999999999,3.10394384767157e-05
6.69999999999999,3.70985521514284e-05
6.79999999999999,4.41801059381022e-05
6.89999999999999,5.24287520252235e-05
6.99999999999999,6.200540670967e-05
7.09999999999999,7.30885413602237e-05
7.19999999999999,8.58755183615346e-05
7.29999999999999,0.000100583968226157
7.39999999999999,0.000117453203556632
7.49999999999999,0.000136745665042755
7.59999999999999,0.000158748394195626
7.69999999999999,0.000183774527054228
7.79999999999999,0.0002121648026564
7.89999999999999,0.000244289079648398
7.99999999999999,0.000280547854019686
8.09999999999999,0.000321373770595962
8.19999999999999,0.000367233120607213
8.29999999999999,0.000418627317372009
8.39999999999999,0.000476094341907193
8.49999999999999,0.000540210150086139
8.59999999999999,0.000611590032831044
8.69999999999999,0.000690889920737064
8.79999999999998,0.000778807624489923
8.89999999999998,0.000876084002454938
8.99999999999998,0.000983504046884733
9.09999999999998,0.00110189788031554
9.19999999999998,0.00123214165389755
9.29999999999998,0.00137515833963291
9.39999999999998,0.00153191840877405
9.49999999999998,0.00170344038896467
9.59999999999998,0.00189079129308303
9.69999999999998,0.00209508691317075
9.79999999999998,0.00231749197329791
9.89999999999998,0.0025592201357231
9.99999999999998,0.00282153385525362
10.1,0.0031057440772917
10.2,0.00341320977566503
10.3,0.00374533732697967
10.4,0.00410357971889712
10.5,0.00448943559042117
10.6,0.00490444810297957
10.7,0.00535020364179747
10.8,0.00582833034777848
10.9,0.00634049648083281
11,0.0068884086163141
11.1,0.00747380967694545
11.2,0.00809847680332472
11.3,0.00876421906679755
11.4,0.00947287502916826
11.5,0.0102263101543819
11.6,0.0110264140779506
11.7,0.011875097740511
11.8,0.0127742903924866
11.9,0.0137259364773788
12,0.014731992401735
12.1,0.0157944232003188
12.2,0.0169151991054586
12.3,0.0180962920299485
12.4,0.0193396719732421
12.5,0.0206473033609975
12.6,0.022021141328307
12.7,0.0234631279571737
12.8,0.0249751884789866
12.9,0.0265592274528784
13,0.0282171249309507
13.1,0.0299507326213952
13.2,0.0317618700605442
13.3,0.0336523208048446
13.4,0.0356238286536633
13.5,0.0376780939137086
13.6,0.039816769715682
13.7,0.0420414583935715
13.8,0.0443537079367529
13.9,0.0467550085247822
14,0.0492467891544531
14.1,0.051830414368343
14.2,0.0545071810936958
14.3,0.0572783156000861
14.4,0.0601449705838774
14.5,0.0631082223870369
14.6,0.0661690683573917
14.7,0.0693284243569209
14.8,0.0725871224241695
14.9,0.0759459085963448
15,0.0794054408961272
15.1,0.0829662874876794
15.2,0.0866289250057925
15.3,0.0903937370615529
15.4,0.0942610129273592
15.5,0.0982309464035628
15.6,0.102303634868453
15.7,0.10647907851276
15.8,0.110757179759311
15.9,0.115137742867927
16,0.119620473725154
16.1,0.124204979817867
16.2,0.128890770389338
16.3,0.133677256775832
16.4,0.138563752921353
16.5,0.143549476067709
16.6,0.148633547616619
16.7,0.153814994160208
16.8,0.159092748675795
16.9,0.164465651880558
17,0.169932453741295
17.1,0.175491815134151
17.2,0.181142309648927
17.3,0.186882425532274
17.4,0.192710567763829
17.5,0.198625060259119
17.6,0.204624148192877
17.7,0.210706000436175
17.8,0.216868712100693
17.9,0.22311030718325
18,0.229428741303631
18.1,0.235821904528677
18.2,0.242287624275499
18.3,0.248823668286667
18.4,0.255427747670186
18.5,0.26209751999707
18.6,0.268830592449358
18.7,0.275624525011422
18.8,0.282476833697523
18.9,0.289384993808599
19,0.296346443211379
19.1,0.303358585633042
19.2,0.310418793964734
19.3,0.317524413567411
19.4,0.324672765573629
19.5,0.331861150179058
19.6,0.339086849917675
19.7,0.346347132914781
19.8,0.353639256112191
19.9,0.360960468460116
20,0.368308014070531
20.1,0.375679135326973
20.2,0.383071075945996
20.3,0.390481083985716
20.4,0.39790641479711
20.5,0.405344333913989
20.6,0.4127921198778
20.7,0.42024706699365
20.8,0.427706488014209
20.9,0.435167716748364
21,0.442628110591778
21.1,0.450085052976729
21.2,0.457535955738848
21.3,0.464978261398628
21.4,0.472409445355805
21.5,0.479827017994953
21.6,0.487228526700846
21.7,0.49461155778241
21.8,0.501973738304257
21.9,0.509312737825043
22,0.516626270042103
22.1,0.523912094342003
22.2,0.531168017256852
22.3,0.538391893826435
22.4,0.54558162886637
22.5,0.552735178142704
22.6000000000001,0.559850549453527
22.7000000000001,0.566925803618333
22.8000000000001,0.573959055376029
22.9000000000001,0.580948474192638
23.0000000000001,0.587892284979871
23.1000000000001,0.5947887687259
23.2000000000001,0.601636263039766
23.3000000000001,0.608433162610984
23.4000000000001,0.615177919586019
23.5000000000001,0.621869043863406
23.6000000000001,0.628505103309384
23.7000000000001,0.635084723895991
23.8000000000001,0.641606589763669
23.9000000000001,0.648069443210471
24.0000000000001,0.65447208461005
24.1000000000001,0.660813372260667
24.2000000000001,0.667092222167481
24.3000000000001,0.673307607760458
24.4000000000001,0.679458559550268
24.5000000000001,0.685544164724544
24.6000000000001,0.691563566686946
24.7000000000001,0.697515964541443
24.8000000000001,0.703400612524287
24.9000000000001,0.709216819386121
25.0000000000001,0.714963947726691
25.1000000000001,0.720641413284619
25.2000000000001,0.726248684184676
25.3000000000001,0.731785280145015
25.4000000000001,0.737250771646757
25.5000000000001,0.742644779068356
25.6000000000001,0.747966971787098
25.7000000000001,0.753217067250085
25.8000000000001,0.758394830017022
25.9000000000001,0.763500070777078
26.0000000000001,0.768532645342061
26.1000000000001,0.7734924536181
26.2000000000001,0.778379438557996
26.3000000000001,0.783193585096337
26.4000000000001,0.787934919069437
26.5000000000001,0.792603506122107
26.6000000000001,0.797199450603203
26.7000000000001,0.801722894451866
26.8000000000001,0.806174016076271
26.9000000000001,0.810553029226696
27.0000000000001,0.814860181864624
27.1000000000001,0.819095755029546
27.2000000000001,0.823260061705083
27.3000000000001,0.827353445685972
27.4000000000001,0.831376280447393
27.5000000000001,0.835328968018086
27.6000000000001,0.839211937858607
27.7000000000001,0.843025645746031
27.8000000000001,0.846770572666355
27.9000000000001,0.850447223715781
28.0000000000001,0.854056127011994
28.1000000000001,0.857597832616516
28.2000000000001,0.861072911469133
28.3000000000001,0.864481954335337
28.4000000000001,0.867825570767683
28.5000000000001,0.87110438808189
28.6000000000001,0.874319050348461
28.7000000000001,0.877470217400549
28.8000000000001,0.880558563858734
28.9000000000001,0.88358477817333
29.0000000000001,0.886549561684791
29.1000000000001,0.889453627702719
29.2000000000001,0.89229770060396
29.3000000000001,0.895082514950181
29.4000000000001,0.897808814625331
29.5000000000001,0.900477351993289
29.6000000000002,0.903088887075994
29.7000000000002,0.905644186752302
29.8000000000002,0.90814402397777
29.9000000000002,0.910589177025525
30.0000000000002,0.912980428748352
30.1000000000002,0.915318565862087
30.2000000000002,0.91760437825037
30.3000000000002,0.919838658290773
30.4000000000002,0.922022200202308
30.5000000000002,0.924155799414258
30.6000000000002,0.926240251956274
30.7000000000002,0.928276353869633
30.8000000000002,0.930264900639538
30.9000000000002,0.932206686648311
31.0000000000002,0.934102504649303
31.1000000000002,0.935953145261345
31.2000000000002,0.937759396483501
31.3000000000002,0.939522043229907
31.4000000000002,0.941241866884445
31.5000000000002,0.942919644874971
31.6000000000002,0.944556150266829
31.7000000000002,0.946152151375334
31.8000000000002,0.947708411396935
31.9000000000002,0.949225688058713
32.0000000000002,0.950704733285885
32.1000000000002,0.952146292886982
32.2000000000002,0.953551106256322
32.3000000000002,0.954919906093437
32.4000000000002,0.956253418139071
32.5000000000002,0.957552360927381
32.6000000000002,0.958817445553952
32.7000000000002,0.960049375459245
32.8000000000002,0.961248846227094
32.9000000000002,0.962416545397837
33.0000000000002,0.963553152295721
33.1000000000002,0.964659337870149
33.2000000000002,0.965735764550397
33.3000000000002,0.966783086113392
33.4000000000002,0.967801947564157
33.5000000000002,0.968792985028531
33.6000000000002,0.969756825657757
33.7000000000002,0.970694087544567
33.8000000000002,0.971605379650351
33.9000000000002,0.972491301743046
34.0000000000002,0.973352444345341
34.1000000000002,0.974189388692837
34.2000000000002,0.975002706701774
34.3000000000002,0.975792960945969
34.4000000000002,0.976560704642579
34.5000000000002,0.977306481646355
34.6000000000002,0.978030826452011
34.7000000000002,0.978734264204371
34.8000000000002,0.979417310715949
34.9000000000002,0.980080472491628
35.0000000000002,0.9807242467601
35.1000000000002,0.981349121511756
35.2000000000002,0.981955575542704
35.3000000000002,0.982544078504599
35.4000000000002,0.983115090959996
35.5000000000002,0.983669064442918
35.6000000000002,0.984206441524363
35.7000000000002,0.984727655882455
35.8000000000002,0.985233132376977
35.9000000000002,0.985723287128016
36.0000000000002,0.986198527598461
36.1000000000002,0.986659252680095
36.2000000000002,0.987105852783054
36.3000000000002,0.987538709928397
36.4000000000002,0.98795819784357
36.5000000000002,0.988364682060537
36.6000000000003,0.98875852001636
36.7000000000003,0.989140061156026
36.8000000000003,0.989509647037317
36.9000000000003,0.989867611437525
37.0000000000003,0.990214280461835
37.1000000000003,0.990549972653179
37.2000000000003,0.990874999103414
37.3000000000003,0.991189663565621
37.4000000000003,0.991494262567405
37.5000000000003,0.991789085525004
37.6000000000003,0.99207441485809
37.7000000000003,0.992350526105104
37.8000000000003,0.992617688038989
37.9000000000003,0.992876162783203
38.0000000000003,0.993126205927882
38.1000000000003,0.993368066646028
38.2000000000003,0.993601987809624
38.3000000000003,0.993828206105562
38.4000000000003,0.99404695215128
38.5000000000003,0.994258450610016
38.6000000000003,0.994462920305589
38.7000000000003,0.994660574336615
38.8000000000003,0.994851620190085
38.9000000000003,0.995036259854216
39.0000000000003,0.995214689930519
39.1000000000003,0.995387101744998
39.2000000000003,0.995553681458434
39.3000000000003,0.995714610175681
39.4000000000003,0.995870064053924
39.5000000000003,0.996020214409844
39.6000000000003,0.996165227825655
39.7000000000003,0.996305266253943
39.8000000000003,0.996440487121294
39.9000000000003,0.996571043430653
40.0000000000003,0.996697083862391
40.1000000000003,0.996818752874042
40.2000000000003,0.996936190798686
40.3000000000003,0.997049533941954
40.4000000000003,0.997158914677621
40.5000000000003,0.997264461541783
40.6000000000003,0.997366299325587
40.7000000000003,0.99746454916651
40.8000000000003,0.997559328638163
40.9000000000003,0.997650751838615
41.0000000000003,0.997738929477231
41.1000000000003,0.997823968960015
41.2000000000003,0.997905974473446
41.3000000000003,0.99798504706682
41.4000000000003,0.99806128473308
41.5000000000003,0.998134782488149
41.6000000000003,0.998205632448756
41.7000000000003,0.998273923908764
41.8000000000003,0.99833974341401
41.9000000000003,0.998403174835652
42.0000000000003,0.99846429944204
42.1000000000003,0.998523195969115
42.2000000000003,0.998579940689343
42.3000000000003,0.998634607479208
42.4000000000003,0.998687267885252
42.5000000000003,0.998737991188705
42.6000000000003,0.998786844468685
42.7000000000003,0.998833892664016
42.8000000000003,0.998879198633645
42.9000000000003,0.998922823215706
43.0000000000003,0.99896482528522
43.1000000000003,0.999005261810466
43.2000000000003,0.999044187908034
43.3000000000003,0.999081656896568
43.4000000000003,0.999117720349241
43.5000000000003,0.999152428144949
43.6000000000003,0.999185828518277
43.7000000000004,0.99921796810822
43.8000000000004,0.999248892005712
43.9000000000004,0.999278643799961
44.0000000000004,0.999307265623611
44.1000000000004,0.999334798196766
44.2000000000004,0.999361280869878
44.3000000000004,0.99938675166553
44.4000000000004,0.99941124731913
44.5000000000004,0.999434803318533
44.6000000000004,0.999457453942628
44.7000000000004,0.999479232298879
44.8000000000004,0.999500170359873
44.9000000000004,0.999520298998874
45.0000000000004,0.999539648024413
45.1000000000004,0.999558246213923
45.2000000000004,0.999576121346456
45.3000000000004,0.999593300234485
45.4000000000004,0.999609808754821
45.5000000000004,0.999625671878654
45.6000000000004,0.999640913700756
45.7000000000004,0.999655557467841
45.8000000000004,0.999669625606115
45.9000000000004,0.999683139748041
46.0000000000004,0.999696120758317
46.1000000000004,0.999708588759103
46.2000000000004,0.999720563154507
46.3000000000004,0.999732062654353
46.4000000000004,0.999743105297237
46.5000000000004,0.999753708472905
46.6000000000004,0.999763888943955
46.7000000000004,0.999773662866888
46.8000000000004,0.999783045812523
46.9000000000004,0.99979205278579
47.0000000000004,0.999800698244915
47.1000000000004,0.999808996120028
47.2000000000004,0.999816959831177
47.3000000000004,0.999824602305806
47.4000000000004,0.999831935995672
47.5000000000004,0.999838972893238
47.6000000000004,0.999845724547555
47.7000000000004,0.999852202079639
47.8000000000004,0.999858416197356
47.9000000000004,0.999864377209845
48.0000000000004,0.999870095041467
48.1000000000004,0.999875579245314
48.2000000000004,0.99988083901628
48.3000000000004,0.999885883203709
48.4000000000004,0.999890720323631
48.5000000000004,0.999895358570601
48.6000000000004,0.999899805829147
48.7000000000004,0.999904069684842
48.8000000000004,0.999908157435014
48.9000000000004,0.999912076099097
49.0000000000004,0.999915832428637
49.1000000000004,0.99991943291697
49.2000000000004,0.999922883808565
49.3000000000004,0.999926191108064
49.4000000000004,0.999929360589013
49.5000000000004,0.999932397802289
49.6000000000004,0.999935308084255
49.7000000000004,0.999938096564625
49.8000000000004,0.999940768174065
49.9000000000004,0.999943327651533
50.0000000000004,0.999945779551364
50.1000000000004,0.999948128250111
50.2000000000004,0.999950377953149
50.3000000000004,0.999952532701052
50.4000000000004,0.999954596375737
50.5000000000004,0.999956572706408
50.6000000000004,0.999958465275279
50.7000000000005,0.999960277523101
50.8000000000005,0.999962012754493
50.9000000000005,0.999963674143082
51.0000000000005,0.99996526473646
51.1000000000005,0.999966787460972
51.2000000000005,0.99996824512632
51.3000000000005,0.999969640430011
51.4000000000005,0.999970975961642
51.5000000000005,0.999972254207033
51.6000000000005,0.999973477552204
51.7000000000005,0.999974648287215
51.8000000000005,0.999975768609863
51.9000000000005,0.999976840629244
52.0000000000005,0.999977866369184
52.1000000000005,0.999978847771547
52.2000000000005,0.999979786699421
52.3000000000005,0.999980684940179
52.4000000000005,0.999981544208441
52.5000000000005,0.999982366148914
52.6000000000005,0.999983152339129
52.7000000000005,0.999983904292083
52.8000000000005,0.999984623458773
52.9000000000005,0.99998531123064
53.0000000000005,0.999985968941922
53.1000000000005,0.999986597871917
53.2000000000005,0.999987199247158
53.3000000000005,0.999987774243512
53.4000000000005,0.999988323988195
53.5000000000005,0.999988849561709
53.6000000000005,0.999989351999711
53.7000000000005,0.999989832294807
53.8000000000005,0.999990291398275
53.9000000000005,0.99999073022173
54.0000000000005,0.999991149638712
54.1000000000005,0.99999155048623
54.2000000000005,0.999991933566229
54.3000000000005,0.999992299647014
54.4000000000005,0.999992649464611
54.5000000000005,0.999992983724075
54.6000000000005,0.999993303100755
54.7000000000005,0.9999936082415
54.8000000000005,0.999993899765821
54.9000000000005,0.999994178267014
55.0000000000005,0.999994444313226
55.1000000000005,0.999994698448494
55.2000000000005,0.999994941193728
55.3000000000005,0.999995173047669
55.4000000000005,0.9999953944878
55.5000000000005,0.999995605971224
55.6000000000005,0.999995807935505
55.7000000000005,0.999996000799482
55.8000000000005,0.99999618496404
55.9000000000005,0.999996360812862
56.0000000000005,0.999996528713139
56.1000000000005,0.999996689016262
56.2000000000005,0.999996842058481
56.3000000000005,0.999996988161536
56.4000000000005,0.999997127633265
56.5000000000005,0.999997260768191
56.6000000000005,0.999997387848075
56.7000000000005,0.99999750914246
56.8000000000005,0.999997624909179
56.9000000000005,0.999997735394855
57.0000000000005,0.999997840835369
57.1000000000005,0.999997941456322
57.2000000000005,0.999998037473462
57.3000000000005,0.99999812909311
57.4000000000005,0.999998216512557
57.5000000000005,0.999998299920448
57.6000000000005,0.999998379497152
57.7000000000005,0.999998455415115
57.8000000000006,0.999998527839199
57.9000000000006,0.999998596927006
58.0000000000006,0.999998662829189
58.1000000000006,0.999998725689753
58.2000000000006,0.999998785646336
58.3000000000006,0.999998842830489
58.4000000000006,0.999998897367934
58.5000000000006,0.999998949378816
58.6000000000006,0.999998998977946
58.7000000000006,0.999999046275031
58.8000000000006,0.999999091374896
58.9000000000006,0.999999134377694
59.0000000000006,0.999999175379111
59.1000000000006,0.999999214470559
59.2000000000006,0.999999251739362
59.3000000000006,0.999999287268937
59.4000000000006,0.999999321138962
59.5000000000006,0.999999353425539
59.6000000000006,0.999999384201355
59.7000000000006,0.999999413535827
59.8000000000006,0.999999441495246
59.9000000000006,0.999999468142919
60.0000000000006,0.999999493539294
60.1000000000006,0.99999951774209
60.2000000000006,0.999999540806419
60.3000000000006,0.999999562784896
60.4000000000006,0.999999583727752
60.5000000000006,0.999999603682942
60.6000000000006,0.999999622696243
60.7000000000006,0.999999640811349
60.8000000000006,0.999999658069969
60.9000000000006,0.999999674511912
61.0000000000006,0.99999969017517
61.1000000000006,0.999999705096003
61.2000000000006,0.999999719309013
61.3000000000006,0.999999732847221
61.4000000000006,0.999999745742134
61.5000000000006,0.999999758023818
61.6000000000006,0.999999769720957
61.7000000000006,0.99999978086092
61.8000000000006,0.999999791469817
61.9000000000006,0.999999801572557
62.0000000000006,0.9999998111929
62.1000000000006,0.999999820353514
62.2000000000006,0.999999829076018
62.3000000000006,0.999999837381034
62.4000000000006,0.999999845288229
62.5000000000006,0.999999852816362
62.6000000000006,0.99999985998332
62.7000000000006,0.999999866806163
62.8000000000006,0.999999873301159
62.9000000000006,0.999999879483818
63.0000000000006,0.999999885368932
63.1000000000006,0.999999890970602
63.2000000000006,0.999999896302272
63.3000000000006,0.999999901376761
63.4000000000006,0.999999906206288
63.5000000000006,0.999999910802501
63.6000000000006,0.999999915176505
63.7000000000006,0.999999919338884
63.8000000000006,0.999999923299726
63.9000000000006,0.999999927068645
64.0000000000006,0.999999930654807
64.1000000000006,0.999999934066945
64.2000000000006,0.99999993731338
64.3000000000006,0.999999940402046
64.4000000000006,0.999999943340499
64.5000000000006,0.99999994613594
64.6000000000006,0.999999948795232
64.7000000000006,0.999999951324911
64.8000000000006,0.999999953731206
64.9000000000006,0.999999956020052
65.0000000000006,0.9999999581971
65.1000000000006,0.999999960267736
65.2000000000006,0.99999996223709
65.3000000000006,0.999999964110047
65.4000000000006,0.999999965891262
65.5000000000006,0.999999967585167
65.6000000000005,0.999999969195984
65.7000000000005,0.999999970727734
65.8000000000005,0.999999972184244
65.9000000000005,0.999999973569163
66.0000000000005,0.999999974885962
66.1000000000005,0.999999976137947
66.2000000000005,0.999999977328266
66.3000000000005,0.999999978459917
66.4000000000005,0.999999979535754
66.5000000000005,0.999999980558493
66.6000000000005,0.999999981530722
66.7000000000005,0.999999982454903
66.8000000000005,0.999999983333379
66.9000000000005,0.999999984168383
67.0000000000005,0.999999984962037
67.1000000000005,0.999999985716365
67.2000000000005,0.99999998643329
67.3000000000005,0.999999987114642
67.4000000000004,0.999999987762166
67.5000000000004,0.99999998837752
67.6000000000004,0.999999988962282
67.7000000000004,0.999999989517955
67.8000000000004,0.999999990045967
67.9000000000004,0.999999990547679
68.0000000000004,0.999999991024385
68.1000000000004,0.999999991477316
68.2000000000004,0.999999991907643
68.3000000000004,0.999999992316481
68.4000000000004,0.99999999270489
68.5000000000004,0.999999993073879
68.6000000000004,0.999999993424407
68.7000000000004,0.999999993757387
68.8000000000004,0.999999994073688
68.9000000000004,0.999999994374134
69.0000000000004,0.999999994659511
69.1000000000003,0.999999994930566
69.2000000000003,0.99999999518801
69.3000000000003,0.999999995432518
69.4000000000003,0.999999995664733
69.5000000000003,0.999999995885266
69.6000000000003,0.999999996094698
69.7000000000003,0.999999996293581
69.8000000000003,0.99999999648244
69.9000000000003,0.999999996661775
70.0000000000003,0.999999996832062
70.1000000000003,0.999999996993751
70.2000000000003,0.999999997147271
70.3000000000003,0.999999997293032
70.4000000000003,0.99999999743142
70.5000000000003,0.999999997562805
70.6000000000003,0.999999997687537
70.7000000000003,0.999999997805949
70.8000000000003,0.999999997918358
70.9000000000002,0.999999998025065
71.0000000000002,0.999999998126357
71.1000000000002,0.999999998222504
71.2000000000002,0.999999998313766
71.3000000000002,0.999999998400388
71.4000000000002,0.999999998482604
71.5000000000002,0.999999998560635
71.6000000000002,0.999999998634693
71.7000000000002,0.999999998704976
71.8000000000002,0.999999998771676
71.9000000000002,0.999999998834974
72.0000000000002,0.999999998895041
72.1000000000002,0.99999999895204
72.2000000000002,0.999999999006127
72.3000000000002,0.999999999057449
72.4000000000002,0.999999999106145
72.5000000000002,0.999999999152349
72.6000000000002,0.999999999196187
72.7000000000001,0.999999999237779
72.8000000000001,0.999999999277239
72.9000000000001,0.999999999314674
73.0000000000001,0.999999999350189
73.1000000000001,0.99999999938388
73.2000000000001,0.99999999941584
73.3000000000001,0.999999999446157
73.4000000000001,0.999999999474915
73.5000000000001,0.999999999502193
73.6000000000001,0.999999999528067
73.7000000000001,0.999999999552608
73.8000000000001,0.999999999575884
73.9000000000001,0.99999999959796
74.0000000000001,0.999999999618897
74.1000000000001,0.999999999638754
74.2000000000001,0.999999999657585
74.3000000000001,0.999999999675442
74.4,0.999999999692377
74.5,0.999999999708436
74.6,0.999999999723663
74.7,0.999999999738103
74.8,0.999999999751794
74.9,0.999999999764776
75,0.999999999777084
75.1,0.999999999788754
75.2,0.999999999799818
75.3,0.999999999810308
75.4,0.999999999820252
75.5,0.99999999982968
75.6,0.999999999838617
75.7,0.999999999847089
75.8,0.99999999985512
75.9,0.999999999862733
76,0.999999999869949
76.1,0.999999999876789
76.1999999999999,0.999999999883272
76.2999999999999,0.999999999889417
76.3999999999999,0.99999999989524
76.4999999999999,0.99999999990076
76.5999999999999,0.999999999905991
76.6999999999999,0.999999999910949
76.7999999999999,0.999999999915647
76.8999999999999,0.999999999920099
76.9999999999999,0.999999999924319
77.0999999999999,0.999999999928317
77.1999999999999,0.999999999932106
77.2999999999999,0.999999999935696
77.3999999999999,0.999999999939097
77.4999999999999,0.99999999994232
77.5999999999999,0.999999999945374
77.6999999999999,0.999999999948268
77.7999999999999,0.999999999951009
77.8999999999998,0.999999999953606
77.9999999999998,0.999999999956067
78.0999999999998,0.999999999958398
78.1999999999998,0.999999999960606
78.2999999999998,0.999999999962698
78.3999999999998,0.99999999996468
78.4999999999998,0.999999999966557
78.5999999999998,0.999999999968336
78.6999999999998,0.99999999997002
78.7999999999998,0.999999999971616
78.8999999999998,0.999999999973127
78.9999999999998,0.999999999974558
79.0999999999998,0.999999999975914
79.1999999999998,0.999999999977198
79.2999999999998,0.999999999978414
79.3999999999998,0.999999999979565
79.4999999999998,0.999999999980656
79.5999999999998,0.999999999981689
79.6999999999997,0.999999999982667
79.7999999999997,0.999999999983593
79.8999999999997,0.99999999998447
79.9999999999997,0.999999999985301
80.0999999999997,0.999999999986087
80.1999999999997,0.999999999986832
80.2999999999997,0.999999999987537
80.3999999999997,0.999999999988205
80.4999999999997,0.999999999988837
80.5999999999997,0.999999999989435
80.6999999999997,0.999999999990002
80.7999999999997,0.999999999990539
80.8999999999997,0.999999999991046
80.9999999999997,0.999999999991527
81.0999999999997,0.999999999991982
81.1999999999997,0.999999999992413
81.2999999999997,0.999999999992821
81.3999999999997,0.999999999993207
81.4999999999996,0.999999999993573
81.5999999999996,0.999999999993919
81.6999999999996,0.999999999994246
81.7999999999996,0.999999999994556
81.8999999999996,0.999999999994849
81.9999999999996,0.999999999995127
82.0999999999996,0.99999999999539
82.1999999999996,0.999999999995639
82.2999999999996,0.999999999995874
82.3999999999996,0.999999999996097
82.4999999999996,0.999999999996308
82.5999999999996,0.999999999996507
82.6999999999996,0.999999999996696
82.7999999999996,0.999999999996875
82.8999999999996,0.999999999997044
82.9999999999996,0.999999999997204
83.0999999999996,0.999999999997355
83.1999999999995,0.999999999997498
83.2999999999995,0.999999999997634
83.3999999999995,0.999999999997762
83.4999999999995,0.999999999997883
83.5999999999995,0.999999999997998
83.6999999999995,0.999999999998107
83.7999999999995,0.99999999999821
83.8999999999995,0.999999999998307
83.9999999999995,0.999999999998399
84.0999999999995,0.999999999998486
84.1999999999995,0.999999999998568
84.2999999999995,0.999999999998646
84.3999999999995,0.99999999999872
84.4999999999995,0.999999999998789
84.5999999999995,0.999999999998855
84.6999999999995,0.999999999998918
84.7999999999995,0.999999999998977
84.8999999999995,0.999999999999032
84.9999999999994,0.999999999999085
85.0999999999994,0.999999999999135
85.1999999999994,0.999999999999182
85.2999999999994,0.999999999999227
85.3999999999994,0.999999999999269
85.4999999999994,0.999999999999309
85.5999999999994,0.999999999999347
85.6999999999994,0.999999999999382
85.7999999999994,0.999999999999416
85.8999999999994,0.999999999999448
85.9999999999994,0.999999999999478
86.0999999999994,0.999999999999507
86.1999999999994,0.999999999999534
86.2999999999994,0.999999999999559
86.3999999999994,0.999999999999583
86.4999999999994,0.999999999999606
86.5999999999994,0.999999999999628
86.6999999999993,0.999999999999648
86.7999999999993,0.999999999999668
86.8999999999993,0.999999999999686
86.9999999999993,0.999999999999703
87.0999999999993,0.999999999999719
87.1999999999993,0.999999999999735
87.2999999999993,0.999999999999749
87.3999999999993,0.999999999999763
87.4999999999993,0.999999999999776
87.5999999999993,0.999999999999788
87.6999999999993,0.9999999999998
87.7999999999993,0.999999999999811
87.8999999999993,0.999999999999821
87.9999999999993,0.999999999999831
88.0999999999993,0.999999999999841
88.1999999999993,0.999999999999849
88.2999999999993,0.999999999999858
88.3999999999993,0.999999999999866
88.4999999999992,0.999999999999873
88.5999999999992,0.99999999999988
88.6999999999992,0.999999999999887
88.7999999999992,0.999999999999893
88.8999999999992,0.999999999999899
88.9999999999992,0.999999999999904
89.0999999999992,0.99999999999991
89.1999999999992,0.999999999999915
89.2999999999992,0.99999999999992
89.3999999999992,0.999999999999924
89.4999999999992,0.999999999999928
89.5999999999992,0.999999999999932
89.6999999999992,0.999999999999936
89.7999999999992,0.999999999999939
89.8999999999992,0.999999999999943
89.9999999999992,0.999999999999946
90.0999999999992,0.999999999999949
90.1999999999992,0.999999999999952
90.2999999999991,0.999999999999955
90.3999999999991,0.999999999999957
90.4999999999991,0.99999999999996
90.5999999999991,0.999999999999962
90.6999999999991,0.999999999999964
90.7999999999991,0.999999999999966
90.8999999999991,0.999999999999968
90.9999999999991,0.99999999999997
91.0999999999991,0.999999999999971
91.1999999999991,0.999999999999973
91.2999999999991,0.999999999999974
91.3999999999991,0.999999999999976
91.4999999999991,0.999999999999977
91.5999999999991,0.999999999999978
91.6999999999991,0.99999999999998
91.7999999999991,0.999999999999981
91.8999999999991,0.999999999999982
91.999999999999,0.999999999999983
92.099999999999,0.999999999999984
92.199999999999,0.999999999999985
92.299999999999,0.999999999999986
92.399999999999,0.999999999999986
92.499999999999,0.999999999999987
92.599999999999,0.999999999999988
92.699999999999,0.999999999999989
92.799999999999,0.999999999999989
92.899999999999,0.99999999999999
92.999999999999,0.99999999999999
93.099999999999,0.999999999999991
93.199999999999,0.999999999999992
93.299999999999,0.999999999999992
93.399999999999,0.999999999999992
93.499999999999,0.999999999999993
93.599999999999,0.999999999999993
93.699999999999,0.999999999999994
93.7999999999989,0.999999999999994
93.8999999999989,0.999999999999994
93.9999999999989,0.999999999999995
94.0999999999989,0.999999999999995
94.1999999999989,0.999999999999995
94.2999999999989,0.999999999999996
94.3999999999989,0.999999999999996
94.4999999999989,0.999999999999996
94.5999999999989,0.999999999999996
94.6999999999989,0.999999999999996
94.7999999999989,0.999999999999997
94.8999999999989,0.999999999999997
94.9999999999989,0.999999999999997
95.0999999999989,0.999999999999997
95.1999999999989,0.999999999999997
95.2999999999989,0.999999999999998
95.3999999999989,0.999999999999998
95.4999999999988,0.999999999999998
95.5999999999988,0.999999999999998
95.6999999999988,0.999999999999998
95.7999999999988,0.999999999999998
95.8999999999988,0.999999999999998
95.9999999999988,0.999999999999998
96.0999999999988,0.999999999999998
96.1999999999988,0.999999999999999
96.2999999999988,0.999999999999999
96.3999999999988,0.999999999999999
96.4999999999988,0.999999999999999
96.5999999999988,0.999999999999999
96.6999999999988,0.999999999999999
96.7999999999988,0.999999999999999
96.8999999999988,0.999999999999999
96.9999999999988,0.999999999999999
97.0999999999988,0.999999999999999
97.1999999999988,0.999999999999999
97.2999999999987,0.999999999999999
97.3999999999987,0.999999999999999
97.4999999999987,0.999999999999999
97.5999999999987,0.999999999999999
97.6999999999987,0.999999999999999
97.7999999999987,0.999999999999999
97.8999999999987,0.999999999999999
97.9999999999987,0.999999999999999
98.0999999999987,0.999999999999999
98.1999999999987,0.999999999999999
98.2999999999987,0.999999999999999
98.3999999999987,0.999999999999999
98.4999999999987,0.999999999999999
98.5999999999987,0.999999999999999
98.6999999999987,0.999999999999999
98.7999999999987,0.999999999999999
98.8999999999987,0.999999999999999
98.9999999999986,0.999999999999999
99.0999999999986,0.999999999999999
99.1999999999986,0.999999999999999
99.2999999999986,0.999999999999999
99.3999999999986,0.999999999999999
99.4999999999986,0.999999999999999
99.5999999999986,0.999999999999999
99.6999999999986,0.999999999999999
99.7999999999986,0.999999999999999
99.8999999999986,0.999999999999999
99.9999999999986,0.999999999999999
100.099999999999,0.999999999999999
100.199999999999,0.999999999999999
100.299999999999,0.999999999999999
100.399999999999,0.999999999999999
100.499999999999,0.999999999999999
100.599999999999,0.999999999999999
100.699999999999,0.999999999999999
100.799999999999,0.999999999999999
100.899999999999,0.999999999999999
100.999999999999,0.999999999999999
101.099999999999,0.999999999999999
101.199999999999,0.999999999999999
101.299999999999,0.999999999999999
101.399999999999,0.999999999999999
101.499999999999,0.999999999999999
101.599999999999,0.999999999999999
101.699999999998,0.999999999999999
101.799999999998,0.999999999999999
101.899999999998,0.999999999999999
101.999999999998,0.999999999999999
102.099999999998,0.999999999999999
102.199999999998,0.999999999999999
102.299999999998,0.999999999999999
102.399999999998,0.999999999999999
102.499999999998,0.999999999999999
102.599999999998,0.999999999999999
102.699999999998,0.999999999999999
102.799999999998,0.999999999999999
102.899999999998,0.999999999999999
102.999999999998,0.999999999999999
103.099999999998,0.999999999999999
103.199999999998,0.999999999999999
103.299999999998,0.999999999999999
103.399999999998,0.999999999999999
103.499999999998,0.999999999999999
103.599999999998,0.999999999999999
103.699999999998,0.999999999999999
103.799999999998,0.999999999999999
103.899999999998,0.999999999999999
103.999999999998,0.999999999999999
104.099999999998,0.999999999999999
104.199999999998,0.999999999999999
104.299999999998,0.999999999999999
104.399999999998,0.999999999999999
104.499999999998,0.999999999999999
104.599999999998,0.999999999999999
104.699999999998,0.999999999999999
104.799999999998,0.999999999999999
104.899999999998,0.999999999999999
104.999999999998,0.999999999999999
105.099999999998,0.999999999999999
105.199999999998,0.999999999999999
105.299999999998,0.999999999999999
105.399999999998,0.999999999999999
105.499999999998,0.999999999999999
105.599999999998,0.999999999999999
105.699999999998,0.999999999999999
105.799999999998,0.999999999999999
105.899999999998,0.999999999999999
105.999999999998,0.999999999999999
106.099999999998,0.999999999999999
106.199999999998,0.999999999999999
106.299999999998,0.999999999999999
106.399999999998,0.999999999999999
106.499999999998,0.999999999999999
106.599999999998,0.999999999999999
106.699999999998,0.999999999999999
106.799999999998,0.999999999999999
106.899999999998,0.999999999999999
106.999999999998,0.999999999999999
107.099999999998,0.999999999999999
107.199999999998,0.999999999999999
107.299999999998,0.999999999999999
107.399999999998,0.999999999999999
107.499999999998,0.999999999999999
107.599999999998,0.999999999999999
107.699999999998,0.999999999999999
107.799999999998,0.999999999999999
107.899999999998,0.999999999999999
107.999999999998,0.999999999999999
108.099999999998,0.999999999999999
108.199999999998,0.999999999999999
108.299999999998,0.999999999999999
108.399999999998,0.999999999999999
108.499999999998,0.999999999999999
108.599999999998,0.999999999999999
108.699999999998,0.999999999999999
108.799999999998,0.999999999999999
108.899999999998,0.999999999999999
108.999999999998,0.999999999999999
109.099999999998,0.999999999999999
109.199999999998,0.999999999999999
109.299999999998,0.999999999999999
109.399999999998,0.999999999999999
109.499999999998,0.999999999999999
109.599999999998,0.999999999999999
109.699999999998,0.999999999999999
109.799999999998,0.999999999999999
109.899999999998,0.999999999999999
109.999999999998,0.999999999999999
110.099999999998,0.999999999999999
110.199999999998,0.999999999999999
110.299999999998,0.999999999999999
110.399999999998,0.999999999999999
110.499999999998,0.999999999999999
110.599999999998,0.999999999999999
110.699999999998,0.999999999999999
110.799999999998,0.999999999999999
110.899999999998,0.999999999999999
110.999999999998,0.999999999999999
111.099999999998,0.999999999999999
111.199999999998,0.999999999999999
111.299999999998,0.999999999999999
111.399999999998,0.999999999999999
111.499999999998,0.999999999999999
111.599999999998,0.999999999999999
111.699999999998,0.999999999999999
111.799999999998,0.999999999999999
111.899999999998,0.999999999999999
111.999999999998,0.999999999999999
112.099999999998,0.999999999999999
112.199999999998,0.999999999999999
112.299999999998,0.999999999999999
112.399999999998,0.999999999999999
112.499999999998,0.999999999999999
112.599999999998,0.999999999999999
112.699999999998,0.999999999999999
112.799999999998,0.999999999999999
112.899999999998,0.999999999999999
112.999999999998,0.999999999999999
113.099999999998,0.999999999999999
113.199999999998,0.999999999999999
113.299999999998,0.999999999999999
113.399999999998,0.999999999999999
113.499999999998,0.999999999999999
113.599999999998,0.999999999999999
113.699999999998,0.999999999999999
113.799999999998,0.999999999999999
113.899999999998,0.999999999999999
113.999999999998,0.999999999999999
114.099999999998,0.999999999999999
114.199999999998,0.999999999999999
114.299999999998,0.999999999999999
114.399999999998,0.999999999999999
114.499999999998,0.999999999999999
114.599999999998,0.999999999999999
114.699999999998,0.999999999999999
114.799999999998,0.999999999999999
114.899999999998,0.999999999999999
114.999999999998,0.999999999999999
115.099999999998,0.999999999999999
115.199999999998,0.999999999999999
115.299999999998,0.999999999999999
115.399999999998,0.999999999999999
115.499999999998,0.999999999999999
115.599999999998,0.999999999999999
115.699999999998,0.999999999999999
115.799999999998,0.999999999999999
115.899999999998,0.999999999999999
115.999999999998,0.999999999999999
116.099999999998,0.999999999999999
116.199999999998,0.999999999999999
116.299999999998,0.999999999999999
116.399999999998,0.999999999999999
116.499999999998,0.999999999999999
116.599999999998,0.999999999999999
116.699999999998,0.999999999999999
116.799999999998,0.999999999999999
116.899999999998,0.999999999999999
116.999999999998,0.999999999999999
117.099999999998,0.999999999999999
117.199999999998,0.999999999999999
117.299999999998,0.999999999999999
117.399999999998,0.999999999999999
117.499999999998,0.999999999999999
117.599999999998,0.999999999999999
117.699999999998,0.999999999999999
117.799999999998,0.999999999999999
117.899999999998,0.999999999999999
117.999999999998,0.999999999999999
118.099999999998,0.999999999999999
118.199999999998,0.999999999999999
118.299999999998,0.999999999999999
118.399999999998,0.999999999999999
118.499999999998,0.999999999999999
118.599999999998,0.999999999999999
118.699999999998,0.999999999999999
118.799999999998,0.999999999999999
118.899999999998,0.999999999999999
118.999999999998,0.999999999999999
119.099999999998,0.999999999999999
119.199999999998,0.999999999999999
119.299999999997,0.999999999999999
119.399999999997,0.999999999999999
119.499999999997,0.999999999999999
119.599999999997,0.999999999999999
119.699999999997,0.999999999999999
119.799999999997,0.999999999999999
119.899999999997,0.999999999999999
119.999999999997,0.999999999999999
120.099999999997,0.999999999999999
120.199999999997,0.999999999999999
120.299999999997,0.999999999999999
120.399999999997,0.999999999999999
120.499999999997,0.999999999999999
120.599999999997,0.999999999999999
120.699999999997,0.999999999999999
120.799999999997,0.999999999999999
120.899999999997,0.999999999999999
120.999999999997,0.999999999999999
121.099999999997,0.999999999999999
121.199999999997,0.999999999999999
121.299999999997,0.999999999999999
121.399999999997,0.999999999999999
121.499999999997,0.999999999999999
121.599999999997,0.999999999999999
121.699999999997,0.999999999999999
121.799999999997,0.999999999999999
121.899999999997,0.999999999999999
121.999999999997,0.999999999999999
122.099999999997,0.999999999999999
122.199999999997,0.999999999999999
122.299999999997,0.999999999999999
122.399999999997,0.999999999999999
122.499999999997,0.999999999999999
122.599999999997,0.999999999999999
122.699999999997,0.999999999999999
122.799999999997,0.999999999999999
122.899999999997,0.999999999999999
122.999999999997,0.999999999999999
123.099999999997,0.999999999999999
123.199999999997,0.999999999999999
123.299999999997,0.999999999999999
123.399999999997,0.999999999999999
123.499999999997,0.999999999999999
123.599999999997,0.999999999999999
123.699999999997,0.999999999999999
123.799999999997,0.999999999999999
123.899999999997,0.999999999999999
123.999999999997,0.999999999999999
124.099999999997,0.999999999999999
124.199999999997,0.999999999999999
124.299999999997,0.999999999999999
124.399999999997,0.999999999999999
124.499999999997,0.999999999999999
124.599999999997,0.999999999999999
124.699999999997,0.999999999999999
124.799999999997,0.999999999999999
124.899999999997,0.999999999999999
124.999999999997,0.999999999999999
125.099999999997,0.999999999999999
125.199999999997,0.999999999999999
125.299999999997,0.999999999999999
125.399999999997,0.999999999999999
125.499999999997,0.999999999999999
125.599999999997,0.999999999999999
125.699999999997,0.999999999999999
125.799999999997,0.999999999999999
125.899999999997,0.999999999999999
125.999999999997,0.999999999999999
126.099999999997,0.999999999999999
126.199999999997,0.999999999999999
126.299999999997,0.999999999999999
126.399999999997,0.999999999999999
126.499999999997,0.999999999999999
126.599999999997,0.999999999999999
126.699999999997,0.999999999999999
126.799999999997,0.999999999999999
126.899999999997,0.999999999999999
126.999999999997,0.999999999999999
127.099999999997,0.999999999999999
127.199999999997,0.999999999999999
127.299999999997,0.999999999999999
127.399999999997,0.999999999999999
127.499999999997,0.999999999999999
127.599999999997,0.999999999999999
127.699999999997,0.999999999999999
127.799999999997,0.999999999999999
127.899999999997,0.999999999999999
127.999999999997,0.999999999999999
128.099999999997,0.999999999999999
128.199999999997,0.999999999999999
128.299999999997,0.999999999999999
128.399999999997,0.999999999999999
128.499999999997,0.999999999999999
128.599999999997,0.999999999999999
128.699999999997,0.999999999999999
128.799999999997,0.999999999999999
128.899999999997,0.999999999999999
128.999999999997,0.999999999999999
129.099999999997,0.999999999999999
129.199999999997,0.999999999999999
129.299999999997,0.999999999999999
129.399999999997,0.999999999999999
129.499999999997,0.999999999999999
129.599999999997,0.999999999999999
129.699999999997,0.999999999999999
129.799999999997,0.999999999999999
129.899999999997,0.999999999999999
129.999999999997,0.999999999999999
130.099999999997,0.999999999999999
130.199999999997,0.999999999999999
130.299999999997,0.999999999999999
130.399999999997,0.999999999999999
130.499999999997,0.999999999999999
130.599999999997,0.999999999999999
130.699999999997,0.999999999999999
130.799999999997,0.999999999999999
130.899999999997,0.999999999999999
130.999999999997,0.999999999999999
131.099999999997,0.999999999999999
131.199999999997,0.999999999999999
131.299999999997,0.999999999999999
131.399999999997,0.999999999999999
131.499999999997,0.999999999999999
131.599999999997,0.999999999999999
131.699999999997,0.999999999999999
131.799999999997,0.999999999999999
131.899999999997,0.999999999999999
131.999999999997,0.999999999999999
132.099999999997,0.999999999999999
132.199999999997,0.999999999999999
132.299999999997,0.999999999999999
132.399999999997,0.999999999999999
132.499999999997,0.999999999999999
132.599999999997,0.999999999999999
132.699999999997,0.999999999999999
132.799999999997,0.999999999999999
132.899999999997,0.999999999999999
132.999999999997,0.999999999999999
133.099999999997,0.999999999999999
133.199999999997,0.999999999999999
133.299999999997,0.999999999999999
133.399999999997,0.999999999999999
133.499999999997,0.999999999999999
133.599999999997,0.999999999999999
133.699999999997,0.999999999999999
133.799999999997,0.999999999999999
133.899999999997,0.999999999999999
133.999999999997,0.999999999999999
134.099999999997,0.999999999999999
134.199999999997,0.999999999999999
134.299999999997,0.999999999999999
134.399999999997,0.999999999999999
134.499999999997,0.999999999999999
134.599999999997,0.999999999999999
134.699999999997,0.999999999999999
134.799999999997,0.999999999999999
134.899999999997,0.999999999999999
134.999999999997,0.999999999999999
135.099999999997,0.999999999999999
135.199999999997,0.999999999999999
135.299999999997,0.999999999999999
135.399999999997,0.999999999999999
135.499999999997,0.999999999999999
135.599999999997,0.999999999999999
135.699999999997,0.999999999999999
135.799999999997,0.999999999999999
135.899999999997,0.999999999999999
135.999999999997,0.999999999999999
136.099999999997,0.999999999999999
136.199999999997,0.999999999999999
136.299999999997,0.999999999999999
136.399999999997,0.999999999999999
136.499999999997,0.999999999999999
136.599999999997,0.999999999999999
136.699999999997,0.999999999999999
136.799999999997,0.999999999999999
136.899999999997,0.999999999999999
136.999999999997,0.999999999999999
137.099999999996,0.999999999999999
137.199999999996,0.999999999999999
137.299999999996,0.999999999999999
137.399999999996,0.999999999999999
137.499999999996,0.999999999999999
137.599999999996,0.999999999999999
137.699999999996,0.999999999999999
137.799999999996,0.999999999999999
137.899999999996,0.999999999999999
137.999999999996,0.999999999999999
138.099999999996,0.999999999999999
138.199999999996,0.999999999999999
138.299999999996,0.999999999999999
138.399999999996,0.999999999999999
138.499999999996,0.999999999999999
138.599999999996,0.999999999999999
138.699999999996,0.999999999999999
138.799999999996,0.999999999999999
138.899999999996,0.999999999999999
138.999999999996,0.999999999999999
139.099999999996,0.999999999999999
139.199999999996,0.999999999999999
139.299999999996,0.999999999999999
139.399999999996,0.999999999999999
139.499999999996,0.999999999999999
139.599999999996,0.999999999999999
139.699999999996,0.999999999999999
139.799999999996,0.999999999999999
139.899999999996,0.999999999999999
139.999999999996,0.999999999999999
140.099999999996,0.999999999999999
140.199999999996,0.999999999999999
140.299999999996,0.999999999999999
140.399999999996,0.999999999999999
140.499999999996,0.999999999999999
140.599999999996,0.999999999999999
140.699999999996,0.999999999999999
140.799999999996,0.999999999999999
140.899999999996,0.999999999999999
140.999999999996,0.999999999999999
141.099999999996,0.999999999999999
141.199999999996,0.999999999999999
141.299999999996,0.999999999999999
141.399999999996,0.999999999999999
141.499999999996,0.999999999999999
141.599999999996,0.999999999999999
141.699999999996,0.999999999999999
141.799999999996,0.999999999999999
141.899999999996,0.999999999999999
141.999999999996,0.999999999999999
142.099999999996,0.999999999999999
142.199999999996,0.999999999999999
142.299999999996,0.999999999999999
142.399999999996,0.999999999999999
142.499999999996,0.999999999999999
142.599999999996,0.999999999999999
142.699999999996,0.999999999999999
142.799999999996,0.999999999999999
142.899999999996,0.999999999999999
142.999999999996,0.999999999999999
143.099999999996,0.999999999999999
143.199999999996,0.999999999999999
143.299999999996,0.999999999999999
143.399999999996,0.999999999999999
143.499999999996,0.999999999999999
143.599999999996,0.999999999999999
143.699999999996,0.999999999999999
143.799999999996,0.999999999999999
143.899999999996,0.999999999999999
143.999999999996,0.999999999999999
144.099999999996,0.999999999999999
144.199999999996,0.999999999999999
144.299999999996,0.999999999999999
144.399999999996,0.999999999999999
144.499999999996,0.999999999999999
144.599999999996,0.999999999999999
144.699999999996,0.999999999999999
144.799999999996,0.999999999999999
144.899999999996,0.999999999999999
144.999999999996,0.999999999999999
145.099999999996,0.999999999999999
145.199999999996,0.999999999999999
145.299999999996,0.999999999999999
145.399999999996,0.999999999999999
145.499999999996,0.999999999999999
145.599999999996,0.999999999999999
145.699999999996,0.999999999999999
145.799999999996,0.999999999999999
145.899999999996,0.999999999999999
145.999999999996,0.999999999999999
146.099999999996,0.999999999999999
146.199999999996,0.999999999999999
146.299999999996,0.999999999999999
146.399999999996,0.999999999999999
146.499999999996,0.999999999999999
146.599999999996,0.999999999999999
146.699999999996,0.999999999999999
146.799999999996,0.999999999999999
146.899999999996,0.999999999999999
146.999999999996,0.999999999999999
147.099999999996,0.999999999999999
147.199999999996,0.999999999999999
147.299999999996,0.999999999999999
147.399999999996,0.999999999999999
147.499999999996,0.999999999999999
147.599999999996,0.999999999999999
147.699999999996,0.999999999999999
147.799999999996,0.999999999999999
147.899999999996,0.999999999999999
147.999999999996,0.999999999999999
148.099999999996,0.999999999999999
148.199999999996,0.999999999999999
148.299999999996,0.999999999999999
148.399999999996,0.999999999999999
148.499999999996,0.999999999999999
148.599999999996,0.999999999999999
148.699999999996,0.999999999999999
148.799999999996,0.999999999999999
148.899999999996,0.999999999999999
148.999999999996,0.999999999999999
149.099999999996,0.999999999999999
149.199999999996,0.999999999999999
149.299999999996,0.999999999999999
149.399999999996,0.999999999999999
149.499999999996,0.999999999999999
149.599999999996,0.999999999999999
149.699999999996,0.999999999999999
149.799999999996,0.999999999999999
149.899999999996,0.999999999999999
149.999999999996,0.999999999999999
150.099999999996,0.999999999999999
150.199999999996,0.999999999999999
150.299999999996,0.999999999999999
150.399999999996,0.999999999999999
150.499999999996,0.999999999999999
150.599999999996,0.999999999999999
150.699999999996,0.999999999999999
150.799999999996,0.999999999999999
150.899999999996,0.999999999999999
150.999999999996,0.999999999999999
151.099999999996,0.999999999999999
151.199999999996,0.999999999999999
151.299999999996,0.999999999999999
151.399999999996,0.999999999999999
151.499999999996,0.999999999999999
151.599999999996,0.999999999999999
151.699999999996,0.999999999999999
151.799999999996,0.999999999999999
151.899999999996,0.999999999999999
151.999999999996,0.999999999999999
152.099999999996,0.999999999999999
152.199999999996,0.999999999999999
152.299999999996,0.999999999999999
152.399999999996,0.999999999999999
152.499999999996,0.999999999999999
152.599999999996,0.999999999999999
152.699999999996,0.999999999999999
152.799999999996,0.999999999999999
152.899999999996,0.999999999999999
152.999999999996,0.999999999999999
153.099999999996,0.999999999999999
153.199999999996,0.999999999999999
153.299999999996,0.999999999999999
153.399999999996,0.999999999999999
153.499999999996,0.999999999999999
153.599999999996,0.999999999999999
153.699999999996,0.999999999999999
153.799999999996,0.999999999999999
153.899999999996,0.999999999999999
153.999999999996,0.999999999999999
154.099999999996,0.999999999999999
154.199999999996,0.999999999999999
154.299999999996,0.999999999999999
154.399999999996,0.999999999999999
154.499999999996,0.999999999999999
154.599999999996,0.999999999999999
154.699999999995,0.999999999999999
154.799999999995,0.999999999999999
154.899999999995,0.999999999999999
154.999999999995,0.999999999999999
155.099999999995,0.999999999999999
155.199999999995,0.999999999999999
155.299999999995,0.999999999999999
155.399999999995,0.999999999999999
155.499999999995,0.999999999999999
155.599999999995,0.999999999999999
155.699999999995,0.999999999999999
155.799999999995,0.999999999999999
155.899999999995,0.999999999999999
155.999999999995,0.999999999999999
156.099999999995,0.999999999999999
156.199999999995,0.999999999999999
156.299999999995,0.999999999999999
156.399999999995,0.999999999999999
156.499999999995,0.999999999999999
156.599999999995,0.999999999999999
156.699999999995,0.999999999999999
156.799999999995,0.999999999999999
156.899999999995,0.999999999999999
156.999999999995,0.999999999999999
157.099999999995,0.999999999999999
157.199999999995,0.999999999999999
157.299999999995,0.999999999999999
157.399999999995,0.999999999999999
157.499999999995,NaN
157.599999999995,NaN
157.699999999995,NaN
157.799999999995,NaN
157.899999999995,NaN
157.999999999995,NaN
158.099999999995,NaN
158.199999999995,NaN
158.299999999995,NaN
158.399999999995,NaN
158.499999999995,NaN
158.599999999995,NaN
158.699999999995,NaN
158.799999999995,NaN
158.899999999995,NaN
158.999999999995,NaN
159.099999999995,NaN
159.199999999995,NaN
159.299999999995,NaN
159.399999999995,NaN
159.499999999995,NaN
159.599999999995,NaN
159.699999999995,NaN
159.799999999995,NaN
159.899999999995,NaN
159.999999999995,NaN
160.099999999995,NaN
160.199999999995,NaN
160.299999999995,NaN
160.399999999995,NaN
160.499999999995,NaN
160.599999999995,NaN
160.699999999995,NaN
160.799999999995,NaN
160.899999999995,NaN
160.999999999995,NaN
161.099999999995,NaN
161.199999999995,NaN
161.299999999995,NaN
161.399999999995,NaN
161.499999999995,NaN
161.599999999995,NaN
161.699999999995,NaN
161.799999999995,NaN
161.899999999995,NaN
161.999999999995,NaN
162.099999999995,NaN
162.199999999995,NaN
162.299999999995,NaN
162.399999999995,NaN
162.499999999995,NaN
162.599999999995,NaN
162.699999999995,NaN
162.799999999995,NaN
162.899999999995,NaN
162.999999999995,NaN
163.099999999995,NaN
163.199999999995,NaN
163.299999999995,NaN
163.399999999995,NaN
163.499999999995,NaN
163.599999999995,NaN
163.699999999995,NaN
163.799999999995,NaN
163.899999999995,NaN
163.999999999995,NaN
164.099999999995,NaN
164.199999999995,NaN
164.299999999995,NaN
164.399999999995,NaN
164.499999999995,NaN
164.599999999995,NaN
164.699999999995,NaN
164.799999999995,NaN
164.899999999995,NaN
164.999999999995,NaN
165.099999999995,NaN
165.199999999995,NaN
165.299999999995,NaN
165.399999999995,NaN
165.499999999995,NaN
165.599999999995,NaN
165.699999999995,NaN
165.799999999995,NaN
165.899999999995,NaN
165.999999999995,NaN
166.099999999995,NaN
166.199999999995,NaN
166.299999999995,NaN
166.399999999995,NaN
166.499999999995,NaN
166.599999999995,NaN
166.699999999995,NaN
166.799999999995,NaN
166.899999999995,NaN
166.999999999995,NaN
167.099999999995,NaN
167.199999999995,NaN
167.299999999995,NaN
167.399999999995,NaN
167.499999999995,NaN
167.599999999995,NaN
167.699999999995,NaN
167.799999999995,NaN
167.899999999995,NaN
167.999999999995,NaN
168.099999999995,NaN
168.199999999995,NaN
168.299999999995,NaN
168.399999999995,NaN
168.499999999995,NaN
168.599999999995,NaN
168.699999999995,NaN
168.799999999995,NaN
168.899999999995,NaN
168.999999999995,NaN
169.099999999995,NaN
169.199999999995,NaN
169.299999999995,NaN
169.399999999995,NaN
169.499999999995,NaN
169.599999999995,NaN
169.699999999995,NaN
169.799999999995,NaN
169.899999999995,NaN
169.999999999995,NaN
170.099999999995,NaN
170.199999999995,NaN
170.299999999995,NaN
170.399999999995,NaN
170.499999999995,NaN
170.599999999995,NaN
170.699999999995,NaN
170.799999999995,NaN
170.899999999995,NaN
170.999999999995,NaN
171.099999999995,NaN
171.199999999995,NaN
171.299999999995,NaN
171.399999999995,NaN
171.499999999995,NaN
171.599999999995,NaN
171.699999999995,NaN
171.799999999995,NaN
171.899999999995,NaN
171.999999999995,NaN
172.099999999995,NaN
172.199999999995,NaN
172.299999999994,NaN
172.399999999994,NaN
172.499999999994,NaN
172.599999999994,NaN
172.699999999994,NaN
172.799999999994,NaN
172.899999999994,NaN
172.999999999994,NaN
173.099999999994,NaN
173.199999999994,NaN
173.299999999994,NaN
173.399999999994,NaN
173.499999999994,NaN
173.599999999994,NaN
173.699999999994,NaN
173.799999999994,NaN
173.899999999994,NaN
173.999999999994,NaN
174.099999999994,NaN
174.199999999994,NaN
174.299999999994,NaN
174.399999999994,NaN
174.499999999994,NaN
174.599999999994,NaN
174.699999999994,NaN
174.799999999994,NaN
174.899999999994,NaN
174.999999999994,NaN
175.099999999994,NaN
175.199999999994,NaN
175.299999999994,NaN
175.399999999994,NaN
175.499999999994,NaN
175.599999999994,NaN
175.699999999994,NaN
175.799999999994,NaN
175.899999999994,NaN
175.999999999994,NaN
176.099999999994,NaN
176.199999999994,NaN
176.299999999994,NaN
176.399999999994,NaN
176.499999999994,NaN
176.599999999994,NaN
176.699999999994,NaN
176.799999999994,NaN
176.899999999994,NaN
176.999999999994,NaN
177.099999999994,NaN
177.199999999994,NaN
177.299999999994,NaN
177.399999999994,NaN
177.499999999994,NaN
177.599999999994,NaN
177.699999999994,NaN
177.799999999994,NaN
177.899999999994,NaN
177.999999999994,NaN
178.099999999994,NaN
178.199999999994,NaN
178.299999999994,NaN
178.399999999994,NaN
178.499999999994,NaN
178.599999999994,NaN
178.699999999994,NaN
178.799999999994,NaN
178.899999999994,NaN
178.999999999994,NaN
179.099999999994,NaN
179.199999999994,NaN
179.299999999994,NaN
179.399999999994,NaN
179.499999999994,NaN
179.599999999994,NaN
179.699999999994,NaN
179.799999999994,NaN
179.899999999994,NaN
179.999999999994,NaN
180.099999999994,NaN
180.199999999994,NaN
180.299999999994,NaN
180.399999999994,NaN
180.499999999994,NaN
180.599999999994,NaN
180.699999999994,NaN
180.799999999994,NaN
180.899999999994,NaN
180.999999999994,NaN
181.099999999994,NaN
181.199999999994,NaN
181.299999999994,NaN
181.399999999994,NaN
181.499999999994,NaN
181.599999999994,NaN
181.699999999994,NaN
181.799999999994,NaN
181.899999999994,NaN
181.999999999994,NaN
182.099999999994,NaN
182.199999999994,NaN
182.299999999994,NaN
182.399999999994,NaN
182.499999999994,NaN
182.599999999994,NaN
182.699999999994,NaN
182.799999999994,NaN
182.899999999994,NaN
182.999999999994,NaN
183.099999999994,NaN
183.199999999994,NaN
183.299999999994,NaN
183.399999999994,NaN
183.499999999994,NaN
183.599999999994,NaN
183.699999999994,NaN
183.799999999994,NaN
183.899999999994,NaN
183.999999999994,NaN
184.099999999994,NaN
184.199999999994,NaN
184.299999999994,NaN
184.399999999994,NaN
184.499999999994,NaN
184.599999999994,NaN
184.699999999994,NaN
184.799999999994,NaN
184.899999999994,NaN
184.999999999994,NaN
185.099999999994,NaN
185.199999999994,NaN
185.299999999994,NaN
185.399999999994,NaN
185.499999999994,NaN
185.599999999994,NaN
185.699999999994,NaN
185.799999999994,NaN
185.899999999994,NaN
185.999999999994,NaN
186.099999999994,NaN
186.199999999994,NaN
186.299999999994,NaN
186.399999999994,NaN
186.499999999994,NaN
186.599999999994,NaN
186.699999999994,NaN
186.799999999994,NaN
186.899999999994,NaN
186.999999999994,NaN
187.099999999994,NaN
187.199999999994,NaN
187.299999999994,NaN
187.399999999994,NaN
187.499999999994,NaN
187.599999999994,NaN
187.699999999994,NaN
187.799999999994,NaN
187.899999999994,NaN
187.999999999994,NaN
188.099999999994,NaN
188.199999999994,NaN
188.299999999994,NaN
188.399999999994,NaN
188.499999999994,NaN
188.599999999994,NaN
188.699999999994,NaN
188.799999999994,NaN
188.899999999994,NaN
188.999999999994,NaN
189.099999999994,NaN
189.199999999994,NaN
189.299999999994,NaN
189.399999999994,NaN
189.499999999994,NaN
189.599999999994,NaN
189.699999999994,NaN
189.799999999994,NaN
189.899999999993,NaN
189.999999999993,NaN
190.099999999993,NaN
190.199999999993,NaN
190.299999999993,NaN
190.399999999993,NaN
190.499999999993,NaN
190.599999999993,NaN
190.699999999993,NaN
190.799999999993,NaN
190.899999999993,NaN
190.999999999993,NaN
191.099999999993,NaN
191.199999999993,NaN
191.299999999993,NaN
191.399999999993,NaN
191.499999999993,NaN
191.599999999993,NaN
191.699999999993,NaN
191.799999999993,NaN
191.899999999993,NaN
191.999999999993,NaN
192.099999999993,NaN
192.199999999993,NaN
192.299999999993,NaN
192.399999999993,NaN
192.499999999993,NaN
192.599999999993,NaN
192.699999999993,NaN
192.799999999993,NaN
192.899999999993,NaN
192.999999999993,NaN
193.099999999993,NaN
193.199999999993,NaN
193.299999999993,NaN
193.399999999993,NaN
193.499999999993,NaN
193.599999999993,NaN
193.699999999993,NaN
193.799999999993,NaN
193.899999999993,NaN
193.999999999993,NaN
194.099999999993,NaN
194.199999999993,NaN
194.299999999993,NaN
194.399999999993,NaN
194.499999999993,NaN
194.599999999993,NaN
194.699999999993,NaN
194.799999999993,NaN
194.899999999993,NaN
194.999999999993,NaN
195.099999999993,NaN
195.199999999993,NaN
195.299999999993,NaN
195.399999999993,NaN
195.499999999993,NaN
195.599999999993,NaN
195.699999999993,NaN
195.799999999993,NaN
195.899999999993,NaN
195.999999999993,NaN
196.099999999993,NaN
196.199999999993,NaN
196.299999999993,NaN
196.399999999993,NaN
196.499999999993,NaN
196.599999999993,NaN
196.699999999993,NaN
196.799999999993,NaN
196.899999999993,NaN
196.999999999993,NaN
197.099999999993,NaN
197.199999999993,NaN
197.299999999993,NaN
197.399999999993,NaN
197.499999999993,NaN
197.599999999993,NaN
197.699999999993,NaN
197.799999999993,NaN
197.899999999993,NaN
197.999999999993,NaN
198.099999999993,NaN
198.199999999993,NaN
198.299999999993,NaN
198.399999999993,NaN
198.499999999993,NaN
198.599999999993,NaN
198.699999999993,NaN
198.799999999993,NaN
198.899999999993,NaN
198.999999999993,NaN
199.099999999993,NaN
199.199999999993,NaN
199.299999999993,NaN
199.399999999993,NaN
199.499999999993,NaN
199.599999999993,NaN
199.699999999993,NaN
199.799999999993,NaN
199.899999999993,NaN
199.999999999993,NaN
200.099999999993,NaN
200.199999999993,NaN
200.299999999993,NaN
200.399999999993,NaN
200.499999999993,NaN
200.599999999993,NaN
200.699999999993,NaN
200.799999999993,NaN
200.899999999993,NaN
200.999999999993,NaN
201.099999999993,NaN
201.199999999993,NaN
201.299999999993,NaN
201.399999999993,NaN
201.499999999993,NaN
201.599999999993,NaN
201.699999999993,NaN
201.799999999993,NaN
201.899999999993,NaN
201.999999999993,NaN
202.099999999993,NaN
202.199999999993,NaN
202.299999999993,NaN
202.399999999993,NaN
202.499999999993,NaN
202.599999999993,NaN
202.699999999993,NaN
202.799999999993,NaN
202.899999999993,NaN
202.999999999993,NaN
203.099999999993,NaN
203.199999999993,NaN
203.299999999993,NaN
203.399999999993,NaN
203.499999999993,NaN
203.599999999993,NaN
203.699999999993,NaN
203.799999999993,NaN
203.899999999993,NaN
203.999999999993,NaN
204.099999999993,NaN
204.199999999993,NaN
204.299999999993,NaN
204.399999999993,NaN
204.499999999993,NaN
204.599999999993,NaN
204.699999999993,NaN
204.799999999993,NaN
204.899999999993,NaN
204.999999999993,NaN
205.099999999993,NaN
205.199999999993,NaN
205.299999999993,NaN
205.399999999993,NaN
205.499999999993,NaN
205.599999999993,NaN
205.699999999993,NaN
205.799999999993,NaN
205.899999999993,NaN
205.999999999993,NaN
206.099999999993,NaN
206.199999999993,NaN
206.299999999993,NaN
206.399999999993,NaN
206.499999999993,NaN
206.599999999993,NaN
206.699999999993,NaN
206.799999999993,NaN
206.899999999993,NaN
206.999999999993,NaN
207.099999999993,NaN
207.199999999993,NaN
207.299999999993,NaN
207.399999999993,NaN
207.499999999992,NaN
207.599999999992,NaN
207.699999999992,NaN
207.799999999992,NaN
207.899999999992,NaN
207.999999999992,NaN
208.099999999992,NaN
208.199999999992,NaN
208.299999999992,NaN
208.399999999992,NaN
208.499999999992,NaN
208.599999999992,NaN
208.699999999992,NaN
208.799999999992,NaN
208.899999999992,NaN
208.999999999992,NaN
209.099999999992,NaN
209.199999999992,NaN
209.299999999992,NaN
209.399999999992,NaN
209.499999999992,NaN
209.599999999992,NaN
209.699999999992,NaN
209.799999999992,NaN
209.899999999992,NaN
209.999999999992,NaN
210.099999999992,NaN
210.199999999992,NaN
210.299999999992,NaN
210.399999999992,NaN
210.499999999992,NaN
210.599999999992,NaN
210.699999999992,NaN
210.799999999992,NaN
210.899999999992,NaN
210.999999999992,NaN
211.099999999992,NaN
211.199999999992,NaN
211.299999999992,NaN
211.399999999992,NaN
211.499999999992,NaN
211.599999999992,NaN
211.699999999992,NaN
211.799999999992,NaN
211.899999999992,NaN
211.999999999992,NaN
212.099999999992,NaN
212.199999999992,NaN
212.299999999992,NaN
212.399999999992,NaN
212.499999999992,NaN
212.599999999992,NaN
212.699999999992,NaN
212.799999999992,NaN
212.899999999992,NaN
212.999999999992,NaN
213.099999999992,NaN
213.199999999992,NaN
213.299999999992,NaN
213.399999999992,NaN
213.499999999992,NaN
213.599999999992,NaN
213.699999999992,NaN
213.799999999992,NaN
213.899999999992,NaN
213.999999999992,NaN
214.099999999992,NaN
214.199999999992,NaN
214.299999999992,NaN
214.399999999992,NaN
214.499999999992,NaN
214.599999999992,NaN
214.699999999992,NaN
214.799999999992,NaN
214.899999999992,NaN
214.999999999992,NaN
215.099999999992,NaN
215.199999999992,NaN
215.299999999992,NaN
215.399999999992,NaN
215.499999999992,NaN
215.599999999992,NaN
215.699999999992,NaN
215.799999999992,NaN
215.899999999992,NaN
215.999999999992,NaN
216.099999999992,NaN
216.199999999992,NaN
216.299999999992,NaN
216.399999999992,NaN
216.499999999992,NaN
216.599999999992,NaN
216.699999999992,NaN
216.799999999992,NaN
216.899999999992,NaN
216.999999999992,NaN
217.099999999992,NaN
217.199999999992,NaN
217.299999999992,NaN
217.399999999992,NaN
217.499999999992,NaN
217.599999999992,NaN
217.699999999992,NaN
217.799999999992,NaN
217.899999999992,NaN
217.999999999992,NaN
218.099999999992,NaN
218.199999999992,NaN
218.299999999992,NaN
218.399999999992,NaN
218.499999999992,NaN
218.599999999992,NaN
218.699999999992,NaN
218.799999999992,NaN
218.899999999992,NaN
218.999999999992,NaN
219.099999999992,NaN
219.199999999992,NaN
219.299999999992,NaN
219.399999999992,NaN
219.499999999992,NaN
219.599999999992,NaN
219.699999999992,NaN
219.799999999992,NaN
219.899999999992,NaN
219.999999999992,NaN
220.099999999992,NaN
220.199999999992,NaN
220.299999999992,NaN
220.399999999992,NaN
220.499999999992,NaN
220.599999999992,NaN
220.699999999992,NaN
220.799999999992,NaN
220.899999999992,NaN
220.999999999992,NaN
221.099999999992,NaN
221.199999999992,NaN
221.299999999992,NaN
221.399999999992,NaN
221.499999999992,NaN
221.599999999992,NaN
221.699999999992,NaN
221.799999999992,NaN
221.899999999992,NaN
221.999999999992,NaN
222.099999999992,NaN
222.199999999992,NaN
222.299999999992,NaN
222.399999999992,NaN
222.499999999992,NaN
222.599999999992,NaN
222.699999999992,NaN
222.799999999992,NaN
222.899999999992,NaN
222.999999999992,NaN
223.099999999992,NaN
223.199999999992,NaN
223.299999999992,NaN
223.399999999992,NaN
223.499999999992,NaN
223.599999999992,NaN
223.699999999992,NaN
223.799999999992,NaN
223.899999999992,NaN
223.999999999992,NaN
224.099999999992,NaN
224.199999999992,NaN
224.299999999992,NaN
224.399999999992,NaN
224.499999999992,NaN
224.599999999992,NaN
224.699999999992,NaN
224.799999999992,NaN
224.899999999992,NaN
224.999999999992,NaN
225.099999999991,NaN
225.199999999991,NaN
225.299999999991,NaN
225.399999999991,NaN
225.499999999991,NaN
225.599999999991,NaN
225.699999999991,NaN
225.799999999991,NaN
225.899999999991,NaN
225.999999999991,NaN
226.099999999991,NaN
226.199999999991,NaN
226.299999999991,NaN
226.399999999991,NaN
226.499999999991,NaN
226.599999999991,NaN
226.699999999991,NaN
226.799999999991,NaN
226.899999999991,NaN
226.999999999991,NaN
227.099999999991,NaN
227.199999999991,NaN
227.299999999991,NaN
227.399999999991,NaN
227.499999999991,NaN
227.599999999991,NaN
227.699999999991,NaN
227.799999999991,NaN
227.899999999991,NaN
227.999999999991,NaN
228.099999999991,NaN
228.199999999991,NaN
228.299999999991,NaN
228.399999999991,NaN
228.499999999991,NaN
228.599999999991,NaN
228.699999999991,NaN
228.799999999991,NaN
228.899999999991,NaN
228.999999999991,NaN
229.099999999991,NaN
229.199999999991,NaN
229.299999999991,NaN
229.399999999991,NaN
229.499999999991,NaN
229.599999999991,NaN
229.699999999991,NaN
229.799999999991,NaN
229.899999999991,NaN
229.999999999991,NaN
230.099999999991,NaN
230.199999999991,NaN
230.299999999991,NaN
230.399999999991,NaN
230.499999999991,NaN
230.599999999991,NaN
230.699999999991,NaN
230.799999999991,NaN
230.899999999991,NaN
230.999999999991,NaN
231.099999999991,NaN
231.199999999991,NaN
231.299999999991,NaN
231.399999999991,NaN
231.499999999991,NaN
231.599999999991,NaN
231.699999999991,NaN
231.799999999991,NaN
231.899999999991,NaN
231.999999999991,NaN
232.099999999991,NaN
232.199999999991,NaN
232.299999999991,NaN
232.399999999991,NaN
232.499999999991,NaN
232.599999999991,NaN
232.699999999991,NaN
232.799999999991,NaN
232.899999999991,NaN
232.999999999991,NaN
233.099999999991,NaN
233.199999999991,NaN
233.299999999991,NaN
233.399999999991,NaN
233.499999999991,NaN
233.599999999991,NaN
233.699999999991,NaN
233.799999999991,NaN
233.899999999991,NaN
233.999999999991,NaN
234.099999999991,NaN
234.199999999991,NaN
234.299999999991,NaN
234.399999999991,NaN
234.499999999991,NaN
234.599999999991,NaN
234.699999999991,NaN
234.799999999991,NaN
234.899999999991,NaN
234.999999999991,NaN
235.099999999991,NaN
235.199999999991,NaN
235.299999999991,NaN
235.399999999991,NaN
235.499999999991,NaN
235.599999999991,NaN
235.699999999991,NaN
235.799999999991,NaN
235.899999999991,NaN
235.999999999991,NaN
236.099999999991,NaN
236.199999999991,NaN
236.299999999991,NaN
236.399999999991,NaN
236.499999999991,NaN
236.599999999991,NaN
236.699999999991,NaN
236.799999999991,NaN
236.899999999991,NaN
236.999999999991,NaN
237.099999999991,NaN
237.199999999991,NaN
237.299999999991,NaN
237.399999999991,NaN
237.499999999991,NaN
237.599999999991,NaN
237.699999999991,NaN
237.799999999991,NaN
237.899999999991,NaN
237.999999999991,NaN
238.099999999991,NaN
238.199999999991,NaN
238.299999999991,NaN
238.399999999991,NaN
238.499999999991,NaN
238.599999999991,NaN
238.699999999991,NaN
238.799999999991,NaN
238.899999999991,NaN
238.999999999991,NaN
239.099999999991,NaN
239.199999999991,NaN
239.299999999991,NaN
239.399999999991,NaN
239.499999999991,NaN
239.599999999991,NaN
239.699999999991,NaN
239.799999999991,NaN
239.899999999991,NaN
239.999999999991,NaN
240.099999999991,NaN
240.199999999991,NaN
240.299999999991,NaN
240.399999999991,NaN
240.499999999991,NaN
240.599999999991,NaN
240.699999999991,NaN
240.799999999991,NaN
240.899999999991,NaN
240.999999999991,NaN
241.099999999991,NaN
241.199999999991,NaN
241.299999999991,NaN
241.399999999991,NaN
241.499999999991,NaN
241.599999999991,NaN
241.699999999991,NaN
241.799999999991,NaN
241.899999999991,NaN
241.999999999991,NaN
242.099999999991,NaN
242.199999999991,NaN
242.299999999991,NaN
242.399999999991,NaN
242.499999999991,NaN
242.599999999991,NaN
242.69999999999,NaN
242.79999999999,NaN
242.89999999999,NaN
242.99999999999,NaN
243.09999999999,NaN
243.19999999999,NaN
243.29999999999,NaN
243.39999999999,NaN
243.49999999999,NaN
243.59999999999,NaN
243.69999999999,NaN
243.79999999999,NaN
243.89999999999,NaN
243.99999999999,NaN
244.09999999999,NaN
244.19999999999,NaN
244.29999999999,NaN
244.39999999999,NaN
244.49999999999,NaN
244.59999999999,NaN
244.69999999999,NaN
244.79999999999,NaN
244.89999999999,NaN
244.99999999999,NaN
245.09999999999,NaN
245.19999999999,NaN
245.29999999999,NaN
245.39999999999,NaN
245.49999999999,NaN
245.59999999999,NaN
245.69999999999,NaN
245.79999999999,NaN
245.89999999999,NaN
245.99999999999,NaN
246.09999999999,NaN
246.19999999999,NaN
246.29999999999,NaN
246.39999999999,NaN
246.49999999999,NaN
246.59999999999,NaN
246.69999999999,NaN
246.79999999999,NaN
246.89999999999,NaN
246.99999999999,NaN
247.09999999999,NaN
247.19999999999,NaN
247.29999999999,NaN
247.39999999999,NaN
247.49999999999,NaN
247.59999999999,NaN
247.69999999999,NaN
247.79999999999,NaN
247.89999999999,NaN
247.99999999999,NaN
248.09999999999,NaN
248.19999999999,NaN
248.29999999999,NaN
248.39999999999,NaN
248.49999999999,NaN
248.59999999999,NaN
248.69999999999,NaN
248.79999999999,NaN
248.89999999999,NaN
248.99999999999,NaN
249.09999999999,NaN
249.19999999999,NaN
249.29999999999,NaN
249.39999999999,NaN
249.49999999999,NaN
249.59999999999,NaN
249.69999999999,NaN
249.79999999999,NaN
249.89999999999,NaN
249.99999999999,NaN
250.09999999999,NaN
250.19999999999,NaN
250.29999999999,NaN
250.39999999999,NaN
250.49999999999,NaN
250.59999999999,NaN
250.69999999999,NaN
250.79999999999,NaN
250.89999999999,NaN
250.99999999999,NaN
251.09999999999,NaN
251.19999999999,NaN
251.29999999999,NaN
251.39999999999,NaN
251.49999999999,NaN
251.59999999999,NaN
251.69999999999,NaN
251.79999999999,NaN
251.89999999999,NaN
251.99999999999,NaN
252.09999999999,NaN
252.19999999999,NaN
252.29999999999,NaN
252.39999999999,NaN
252.49999999999,NaN
252.59999999999,NaN
252.69999999999,NaN
252.79999999999,NaN
252.89999999999,NaN
252.99999999999,NaN
253.09999999999,NaN
253.19999999999,NaN
253.29999999999,NaN
253.39999999999,NaN
253.49999999999,NaN
253.59999999999,NaN
253.69999999999,NaN
253.79999999999,NaN
253.89999999999,NaN
253.99999999999,NaN
254.09999999999,NaN
254.19999999999,NaN
254.29999999999,NaN
254.39999999999,NaN
254.49999999999,NaN
254.59999999999,NaN
254.69999999999,NaN
254.79999999999,NaN
254.89999999999,NaN
254.99999999999,NaN
255.09999999999,NaN
255.19999999999,NaN
255.29999999999,NaN
255.39999999999,NaN
255.49999999999,NaN
255.59999999999,NaN
255.69999999999,NaN
255.79999999999,NaN
255.89999999999,NaN
255.99999999999,NaN
256.09999999999,NaN
256.19999999999,NaN
256.29999999999,NaN
256.39999999999,NaN
256.49999999999,NaN
256.59999999999,NaN
256.69999999999,NaN
256.79999999999,NaN
256.89999999999,NaN
256.99999999999,NaN
257.09999999999,NaN
257.19999999999,NaN
257.29999999999,NaN
257.39999999999,NaN
257.49999999999,NaN
257.59999999999,NaN
257.69999999999,NaN
257.79999999999,NaN
257.89999999999,NaN
257.99999999999,NaN
258.09999999999,NaN
258.19999999999,NaN
258.29999999999,NaN
258.39999999999,NaN
258.49999999999,NaN
258.59999999999,NaN
258.69999999999,NaN
258.79999999999,NaN
258.89999999999,NaN
258.99999999999,NaN
259.09999999999,NaN
259.19999999999,NaN
259.29999999999,NaN
259.39999999999,NaN
259.499999999991,NaN
259.599999999991,NaN
259.699999999991,NaN
259.799999999991,NaN
259.899999999991,NaN
259.999999999991,NaN
260.099999999991,NaN
260.199999999991,NaN
260.299999999991,NaN
260.399999999991,NaN
260.499999999991,NaN
260.599999999991,NaN
260.699999999991,NaN
260.799999999991,NaN
260.899999999991,NaN
260.999999999991,NaN
261.099999999991,NaN
261.199999999991,NaN
261.299999999991,NaN
261.399999999991,NaN
261.499999999991,NaN
261.599999999991,NaN
261.699999999991,NaN
261.799999999991,NaN
261.899999999991,NaN
261.999999999991,NaN
262.099999999991,NaN
262.199999999991,NaN
262.299999999991,NaN
262.399999999991,NaN
262.499999999991,NaN
262.599999999991,NaN
262.699999999991,NaN
262.799999999991,NaN
262.899999999991,NaN
262.999999999991,NaN
263.099999999991,NaN
263.199999999991,NaN
263.299999999991,NaN
263.399999999991,NaN
263.499999999991,NaN
263.599999999991,NaN
263.699999999991,NaN
263.799999999991,NaN
263.899999999992,NaN
263.999999999992,NaN
264.099999999992,NaN
264.199999999992,NaN
264.299999999992,NaN
264.399999999992,NaN
264.499999999992,NaN
264.599999999992,NaN
264.699999999992,NaN
264.799999999992,NaN
264.899999999992,NaN
264.999999999992,NaN
265.099999999992,NaN
265.199999999992,NaN
265.299999999992,NaN
265.399999999992,NaN
265.499999999992,NaN
265.599999999992,NaN
265.699999999992,NaN
265.799999999992,NaN
265.899999999992,NaN
265.999999999992,NaN
266.099999999992,NaN
266.199999999992,NaN
266.299999999992,NaN
266.399999999992,NaN
266.499999999992,NaN
266.599999999992,NaN
266.699999999992,NaN
266.799999999992,NaN
266.899999999992,NaN
266.999999999992,NaN
267.099999999992,NaN
267.199999999992,NaN
267.299999999992,NaN
267.399999999992,NaN
267.499999999992,NaN
267.599999999992,NaN
267.699999999992,NaN
267.799999999992,NaN
267.899999999992,NaN
267.999999999992,NaN
268.099999999992,NaN
268.199999999992,NaN
268.299999999993,NaN
268.399999999993,NaN
268.499999999993,NaN
268.599999999993,NaN
268.699999999993,NaN
268.799999999993,NaN
268.899999999993,NaN
268.999999999993,NaN
269.099999999993,NaN
269.199999999993,NaN
269.299999999993,NaN
269.399999999993,NaN
269.499999999993,NaN
269.599999999993,NaN
269.699999999993,NaN
269.799999999993,NaN
269.899999999993,NaN
269.999999999993,NaN
270.099999999993,NaN
270.199999999993,NaN
270.299999999993,NaN
270.399999999993,NaN
270.499999999993,NaN
270.599999999993,NaN
270.699999999993,NaN
270.799999999993,NaN
270.899999999993,NaN
270.999999999993,NaN
271.099999999993,NaN
271.199999999993,NaN
271.299999999993,NaN
271.399999999993,NaN
271.499999999993,NaN
271.599999999993,NaN
271.699999999993,NaN
271.799999999993,NaN
271.899999999993,NaN
271.999999999993,NaN
272.099999999993,NaN
272.199999999993,NaN
272.299999999993,NaN
272.399999999993,NaN
272.499999999993,NaN
272.599999999993,NaN
272.699999999994,NaN
272.799999999994,NaN
272.899999999994,NaN
272.999999999994,NaN
273.099999999994,NaN
273.199999999994,NaN
273.299999999994,NaN
273.399999999994,NaN
273.499999999994,NaN
273.599999999994,NaN
273.699999999994,NaN
273.799999999994,NaN
273.899999999994,NaN
273.999999999994,NaN
274.099999999994,NaN
274.199999999994,NaN
274.299999999994,NaN
274.399999999994,NaN
274.499999999994,NaN
274.599999999994,NaN
274.699999999994,NaN
274.799999999994,NaN
274.899999999994,NaN
274.999999999994,NaN
275.099999999994,NaN
275.199999999994,NaN
275.299999999994,NaN
275.399999999994,NaN
275.499999999994,NaN
275.599999999994,NaN
275.699999999994,NaN
275.799999999994,NaN
275.899999999994,NaN
275.999999999994,NaN
276.099999999994,NaN
276.199999999994,NaN
276.299999999994,NaN
276.399999999994,NaN
276.499999999994,NaN
276.599999999994,NaN
276.699999999994,NaN
276.799999999994,NaN
276.899999999994,NaN
276.999999999994,NaN
277.099999999995,NaN
277.199999999995,NaN
277.299999999995,NaN
277.399999999995,NaN
277.499999999995,NaN
277.599999999995,NaN
277.699999999995,NaN
277.799999999995,NaN
277.899999999995,NaN
277.999999999995,NaN
278.099999999995,NaN
278.199999999995,NaN
278.299999999995,NaN
278.399999999995,NaN
278.499999999995,NaN
278.599999999995,NaN
278.699999999995,NaN
278.799999999995,NaN
278.899999999995,NaN
278.999999999995,NaN
279.099999999995,NaN
279.199999999995,NaN
279.299999999995,NaN
279.399999999995,NaN
279.499999999995,NaN
279.599999999995,NaN
279.699999999995,NaN
279.799999999995,NaN
279.899999999995,NaN
279.999999999995,NaN
280.099999999995,NaN
280.199999999995,NaN
280.299999999995,NaN
280.399999999995,NaN
280.499999999995,NaN
280.599999999995,NaN
280.699999999995,NaN
280.799999999995,NaN
280.899999999995,NaN
280.999999999995,NaN
281.099999999995,NaN
281.199999999995,NaN
281.299999999995,NaN
281.399999999995,NaN
281.499999999996,NaN
281.599999999996,NaN
281.699999999996,NaN
281.799999999996,NaN
281.899999999996,NaN
281.999999999996,NaN
282.099999999996,NaN
282.199999999996,NaN
282.299999999996,NaN
282.399999999996,NaN
282.499999999996,NaN
282.599999999996,NaN
282.699999999996,NaN
282.799999999996,NaN
282.899999999996,NaN
282.999999999996,NaN
283.099999999996,NaN
283.199999999996,NaN
283.299999999996,NaN
283.399999999996,NaN
283.499999999996,NaN
283.599999999996,NaN
283.699999999996,NaN
283.799999999996,NaN
283.899999999996,NaN
283.999999999996,NaN
284.099999999996,NaN
284.199999999996,NaN
284.299999999996,NaN
284.399999999996,NaN
284.499999999996,NaN
284.599999999996,NaN
284.699999999996,NaN
284.799999999996,NaN
284.899999999996,NaN
284.999999999996,NaN
285.099999999996,NaN
285.199999999996,NaN
285.299999999996,NaN
285.399999999996,NaN
285.499999999996,NaN
285.599999999996,NaN
285.699999999996,NaN
285.799999999996,NaN
285.899999999997,NaN
285.999999999997,NaN
286.099999999997,NaN
286.199999999997,NaN
286.299999999997,NaN
286.399999999997,NaN
286.499999999997,NaN
286.599999999997,NaN
286.699999999997,NaN
286.799999999997,NaN
286.899999999997,NaN
286.999999999997,NaN
287.099999999997,NaN
287.199999999997,NaN
287.299999999997,NaN
287.399999999997,NaN
287.499999999997,NaN
287.599999999997,NaN
287.699999999997,NaN
287.799999999997,NaN
287.899999999997,NaN
287.999999999997,NaN
288.099999999997,NaN
288.199999999997,NaN
288.299999999997,NaN
288.399999999997,NaN
288.499999999997,NaN
288.599999999997,NaN
288.699999999997,NaN
288.799999999997,NaN
288.899999999997,NaN
288.999999999997,NaN
289.099999999997,NaN
289.199999999997,NaN
289.299999999997,NaN
289.399999999997,NaN
289.499999999997,NaN
289.599999999997,NaN
289.699999999997,NaN
289.799999999997,NaN
289.899999999997,NaN
289.999999999997,NaN
290.099999999997,NaN
290.199999999997,NaN
290.299999999998,NaN
290.399999999998,NaN
290.499999999998,NaN
290.599999999998,NaN
290.699999999998,NaN
290.799999999998,NaN
290.899999999998,NaN
290.999999999998,NaN
291.099999999998,NaN
291.199999999998,NaN
291.299999999998,NaN
291.399999999998,NaN
291.499999999998,NaN
291.599999999998,NaN
291.699999999998,NaN
291.799999999998,NaN
291.899999999998,NaN
291.999999999998,NaN
292.099999999998,NaN
292.199999999998,NaN
292.299999999998,NaN
292.399999999998,NaN
292.499999999998,NaN
292.599999999998,NaN
292.699999999998,NaN
292.799999999998,NaN
292.899999999998,NaN
292.999999999998,NaN
293.099999999998,NaN
293.199999999998,NaN
293.299999999998,NaN
293.399999999998,NaN
293.499999999998,NaN
293.599999999998,NaN
293.699999999998,NaN
293.799999999998,NaN
293.899999999998,NaN
293.999999999998,NaN
294.099999999998,NaN
294.199999999998,NaN
294.299999999998,NaN
294.399999999998,NaN
294.499999999998,NaN
294.599999999998,NaN
294.699999999999,NaN
294.799999999999,NaN
294.899999999999,NaN
294.999999999999,NaN
295.099999999999,NaN
295.199999999999,NaN
295.299999999999,NaN
295.399999999999,NaN
295.499999999999,NaN
295.599999999999,NaN
295.699999999999,NaN
295.799999999999,NaN
295.899999999999,NaN
295.999999999999,NaN
296.099999999999,NaN
296.199999999999,NaN
296.299999999999,NaN
296.399999999999,NaN
296.499999999999,NaN
296.599999999999,NaN
296.699999999999,NaN
296.799999999999,NaN
296.899999999999,NaN
296.999999999999,NaN
297.099999999999,NaN
297.199999999999,NaN
297.299999999999,NaN
297.399999999999,NaN
297.499999999999,NaN
297.599999999999,NaN
297.699999999999,NaN
297.799999999999,NaN
297.899999999999,NaN
297.999999999999,NaN
298.099999999999,NaN
298.199999999999,NaN
298.299999999999,NaN
298.399999999999,NaN
298.499999999999,NaN
298.599999999999,NaN
298.699999999999,NaN
298.799999999999,NaN
298.899999999999,NaN
298.999999999999,NaN
299.1,NaN
299.2,NaN
299.3,NaN
299.4,NaN
299.5,NaN
299.6,NaN
299.7,NaN
299.8,NaN
299.9,NaN
300,NaN
300.1,NaN
300.2,NaN
300.3,NaN
300.4,NaN
300.5,NaN
300.6,NaN
300.7,NaN
300.8,NaN
300.9,NaN
301,NaN
301.1,NaN
301.2,NaN
301.3,NaN
301.4,NaN
301.5,NaN
301.6,NaN
301.7,NaN
301.8,NaN
301.9,NaN
302,NaN
302.1,NaN
302.2,NaN
302.3,NaN
302.4,NaN
302.5,NaN
302.6,NaN
302.7,NaN
302.8,NaN
302.9,NaN
303,NaN
303.1,NaN
303.2,NaN
303.3,NaN
303.4,NaN
303.500000000001,NaN
303.600000000001,NaN
303.700000000001,NaN
303.800000000001,NaN
303.900000000001,NaN
304.000000000001,NaN
304.100000000001,NaN
304.200000000001,NaN
304.300000000001,NaN
304.400000000001,NaN
304.500000000001,NaN
304.600000000001,NaN
304.700000000001,NaN
304.800000000001,NaN
304.900000000001,NaN
305.000000000001,NaN
305.100000000001,NaN
305.200000000001,NaN
305.300000000001,NaN
305.400000000001,NaN
305.500000000001,NaN
305.600000000001,NaN
305.700000000001,NaN
305.800000000001,NaN
305.900000000001,NaN
306.000000000001,NaN
306.100000000001,NaN
306.200000000001,NaN
306.300000000001,NaN
306.400000000001,NaN
306.500000000001,NaN
306.600000000001,NaN
306.700000000001,NaN
306.800000000001,NaN
306.900000000001,NaN
307.000000000001,NaN
307.100000000001,NaN
307.200000000001,NaN
307.300000000001,NaN
307.400000000001,NaN
307.500000000001,NaN
307.600000000001,NaN
307.700000000001,NaN
307.800000000001,NaN
307.900000000002,NaN
308.000000000002,NaN
308.100000000002,NaN
308.200000000002,NaN
308.300000000002,NaN
308.400000000002,NaN
308.500000000002,NaN
308.600000000002,NaN
308.700000000002,NaN
308.800000000002,NaN
308.900000000002,NaN
309.000000000002,NaN
309.100000000002,NaN
309.200000000002,NaN
309.300000000002,NaN
309.400000000002,NaN
309.500000000002,NaN
309.600000000002,NaN
309.700000000002,NaN
309.800000000002,NaN
309.900000000002,NaN
310.000000000002,NaN
310.100000000002,NaN
310.200000000002,NaN
310.300000000002,NaN
310.400000000002,NaN
310.500000000002,NaN
310.600000000002,NaN
310.700000000002,NaN
310.800000000002,NaN
310.900000000002,NaN
311.000000000002,NaN
311.100000000002,NaN
311.200000000002,NaN
311.300000000002,NaN
311.400000000002,NaN
311.500000000002,NaN
311.600000000002,NaN
311.700000000002,NaN
311.800000000002,NaN
311.900000000002,NaN
312.000000000002,NaN
312.100000000002,NaN
312.200000000002,NaN
312.300000000003,NaN
312.400000000003,NaN
312.500000000003,NaN
312.600000000003,NaN
312.700000000003,NaN
312.800000000003,NaN
312.900000000003,NaN
313.000000000003,NaN
313.100000000003,NaN
313.200000000003,NaN
313.300000000003,NaN
313.400000000003,NaN
313.500000000003,NaN
313.600000000003,NaN
313.700000000003,NaN
313.800000000003,NaN
313.900000000003,NaN
314.000000000003,NaN
314.100000000003,NaN
314.200000000003,NaN
314.300000000003,NaN
314.400000000003,NaN
314.500000000003,NaN
314.600000000003,NaN
314.700000000003,NaN
314.800000000003,NaN
314.900000000003,NaN
315.000000000003,NaN
315.100000000003,NaN
315.200000000003,NaN
315.300000000003,NaN
315.400000000003,NaN
315.500000000003,NaN
315.600000000003,NaN
315.700000000003,NaN
315.800000000003,NaN
315.900000000003,NaN
316.000000000003,NaN
316.100000000003,NaN
316.200000000003,NaN
316.300000000003,NaN
316.400000000003,NaN
316.500000000003,NaN
316.600000000003,NaN
316.700000000004,NaN
316.800000000004,NaN
316.900000000004,NaN
317.000000000004,NaN
317.100000000004,NaN
317.200000000004,NaN
317.300000000004,NaN
317.400000000004,NaN
317.500000000004,NaN
317.600000000004,NaN
317.700000000004,NaN
317.800000000004,NaN
317.900000000004,NaN
318.000000000004,NaN
318.100000000004,NaN
318.200000000004,NaN
318.300000000004,NaN
318.400000000004,NaN
318.500000000004,NaN
318.600000000004,NaN
318.700000000004,NaN
318.800000000004,NaN
318.900000000004,NaN
319.000000000004,NaN
319.100000000004,NaN
319.200000000004,NaN
319.300000000004,NaN
319.400000000004,NaN
319.500000000004,NaN
319.600000000004,NaN
319.700000000004,NaN
319.800000000004,NaN
319.900000000004,NaN
320.000000000004,NaN
320.100000000004,NaN
320.200000000004,NaN
320.300000000004,NaN
320.400000000004,NaN
320.500000000004,NaN
320.600000000004,NaN
320.700000000004,NaN
320.800000000004,NaN
320.900000000004,NaN
321.000000000004,NaN
321.100000000005,NaN
321.200000000005,NaN
321.300000000005,NaN
321.400000000005,NaN
321.500000000005,NaN
321.600000000005,NaN
321.700000000005,NaN
321.800000000005,NaN
321.900000000005,NaN
322.000000000005,NaN
322.100000000005,NaN
322.200000000005,NaN
322.300000000005,NaN
322.400000000005,NaN
322.500000000005,NaN
322.600000000005,NaN
322.700000000005,NaN
322.800000000005,NaN
322.900000000005,NaN
323.000000000005,NaN
323.100000000005,NaN
323.200000000005,NaN
323.300000000005,NaN
323.400000000005,NaN
323.500000000005,NaN
323.600000000005,NaN
323.700000000005,NaN
323.800000000005,NaN
323.900000000005,NaN
324.000000000005,NaN
324.100000000005,NaN
324.200000000005,NaN
324.300000000005,NaN
324.400000000005,NaN
324.500000000005,NaN
324.600000000005,NaN
324.700000000005,NaN
324.800000000005,NaN
324.900000000005,NaN
325.000000000005,NaN
325.100000000005,NaN
325.200000000005,NaN
325.300000000005,NaN
325.400000000005,NaN
325.500000000006,NaN
325.600000000006,NaN
325.700000000006,NaN
325.800000000006,NaN
325.900000000006,NaN
326.000000000006,NaN
326.100000000006,NaN
326.200000000006,NaN
326.300000000006,NaN
326.400000000006,NaN
326.500000000006,NaN
326.600000000006,NaN
326.700000000006,NaN
326.800000000006,NaN
326.900000000006,NaN
327.000000000006,NaN
327.100000000006,NaN
327.200000000006,NaN
327.300000000006,NaN
327.400000000006,NaN
327.500000000006,NaN
327.600000000006,NaN
327.700000000006,NaN
327.800000000006,NaN
327.900000000006,NaN
328.000000000006,NaN
328.100000000006,NaN
328.200000000006,NaN
328.300000000006,NaN
328.400000000006,NaN
328.500000000006,NaN
328.600000000006,NaN
328.700000000006,NaN
328.800000000006,NaN
328.900000000006,NaN
329.000000000006,NaN
329.100000000006,NaN
329.200000000006,NaN
329.300000000006,NaN
329.400000000006,NaN
329.500000000006,NaN
329.600000000006,NaN
329.700000000006,NaN
329.800000000006,NaN
329.900000000007,NaN
330.000000000007,NaN
330.100000000007,NaN
330.200000000007,NaN
330.300000000007,NaN
330.400000000007,NaN
330.500000000007,NaN
330.600000000007,NaN
330.700000000007,NaN
330.800000000007,NaN
330.900000000007,NaN
331.000000000007,NaN
331.100000000007,NaN
331.200000000007,NaN
331.300000000007,NaN
331.400000000007,NaN
331.500000000007,NaN
331.600000000007,NaN
331.700000000007,NaN
331.800000000007,NaN
331.900000000007,NaN
332.000000000007,NaN
332.100000000007,NaN
332.200000000007,NaN
332.300000000007,NaN
332.400000000007,NaN
332.500000000007,NaN
332.600000000007,NaN
332.700000000007,NaN
332.800000000007,NaN
332.900000000007,NaN
333.000000000007,NaN
333.100000000007,NaN
333.200000000007,NaN
333.300000000007,NaN
333.400000000007,NaN
333.500000000007,NaN
333.600000000007,NaN
333.700000000007,NaN
333.800000000007,NaN
333.900000000007,NaN
334.000000000007,NaN
334.100000000007,NaN
334.200000000007,NaN
334.300000000008,NaN
334.400000000008,NaN
334.500000000008,NaN
334.600000000008,NaN
334.700000000008,NaN
334.800000000008,NaN
334.900000000008,NaN
335.000000000008,NaN
335.100000000008,NaN
335.200000000008,NaN
335.300000000008,NaN
335.400000000008,NaN
335.500000000008,NaN
335.600000000008,NaN
335.700000000008,NaN
335.800000000008,NaN
335.900000000008,NaN
336.000000000008,NaN
336.100000000008,NaN
336.200000000008,NaN
336.300000000008,NaN
336.400000000008,NaN
336.500000000008,NaN
336.600000000008,NaN
336.700000000008,NaN
336.800000000008,NaN
336.900000000008,NaN
337.000000000008,NaN
337.100000000008,NaN
337.200000000008,NaN
337.300000000008,NaN
337.400000000008,NaN
337.500000000008,NaN
337.600000000008,NaN
337.700000000008,NaN
337.800000000008,NaN
337.900000000008,NaN
338.000000000008,NaN
338.100000000008,NaN
338.200000000008,NaN
338.300000000008,NaN
338.400000000008,NaN
338.500000000008,NaN
338.600000000008,NaN
338.700000000009,NaN
338.800000000009,NaN
338.900000000009,NaN
339.000000000009,NaN
339.100000000009,NaN
339.200000000009,NaN
339.300000000009,NaN
339.400000000009,NaN
339.500000000009,NaN
339.600000000009,NaN
339.700000000009,NaN
339.800000000009,NaN
339.900000000009,NaN
340.000000000009,NaN
340.100000000009,NaN
340.200000000009,NaN
340.300000000009,NaN
340.400000000009,NaN
340.500000000009,NaN
340.600000000009,NaN
340.700000000009,NaN
340.800000000009,NaN
340.900000000009,NaN
341.000000000009,NaN
341.100000000009,NaN
341.200000000009,NaN
341.300000000009,NaN
341.400000000009,NaN
341.500000000009,NaN
341.600000000009,NaN
341.700000000009,NaN
341.800000000009,NaN
341.900000000009,NaN
342.000000000009,NaN
342.100000000009,NaN
342.200000000009,NaN
342.300000000009,NaN
342.400000000009,NaN
342.500000000009,NaN
342.600000000009,NaN
342.700000000009,NaN
342.800000000009,NaN
342.900000000009,NaN
343.000000000009,NaN
343.10000000001,NaN
343.20000000001,NaN
343.30000000001,NaN
343.40000000001,NaN
343.50000000001,NaN
343.60000000001,NaN
343.70000000001,NaN
343.80000000001,NaN
343.90000000001,NaN
344.00000000001,NaN
344.10000000001,NaN
344.20000000001,NaN
344.30000000001,NaN
344.40000000001,NaN
344.50000000001,NaN
344.60000000001,NaN
344.70000000001,NaN
344.80000000001,NaN
344.90000000001,NaN
345.00000000001,NaN
345.10000000001,NaN
345.20000000001,NaN
345.30000000001,NaN
345.40000000001,NaN
345.50000000001,NaN
345.60000000001,NaN
345.70000000001,NaN
345.80000000001,NaN
345.90000000001,NaN
346.00000000001,NaN
346.10000000001,NaN
346.20000000001,NaN
346.30000000001,NaN
346.40000000001,NaN
346.50000000001,NaN
346.60000000001,NaN
346.70000000001,NaN
346.80000000001,NaN
346.90000000001,NaN
347.00000000001,NaN
347.10000000001,NaN
347.20000000001,NaN
347.30000000001,NaN
347.40000000001,NaN
347.500000000011,NaN
347.600000000011,NaN
347.700000000011,NaN
347.800000000011,NaN
347.900000000011,NaN
348.000000000011,NaN
348.100000000011,NaN
348.200000000011,NaN
348.300000000011,NaN
348.400000000011,NaN
348.500000000011,NaN
348.600000000011,NaN
348.700000000011,NaN
348.800000000011,NaN
348.900000000011,NaN
349.000000000011,NaN
349.100000000011,NaN
349.200000000011,NaN
349.300000000011,NaN
349.400000000011,NaN
349.500000000011,NaN
349.600000000011,NaN
349.700000000011,NaN
349.800000000011,NaN
349.900000000011,NaN
350.000000000011,NaN
350.100000000011,NaN
350.200000000011,NaN
350.300000000011,NaN
350.400000000011,NaN
350.500000000011,NaN
350.600000000011,NaN
350.700000000011,NaN
350.800000000011,NaN
350.900000000011,NaN
351.000000000011,NaN
351.100000000011,NaN
351.200000000011,NaN
351.300000000011,NaN
351.400000000011,NaN
351.500000000011,NaN
351.600000000011,NaN
351.700000000011,NaN
351.800000000011,NaN
351.900000000012,NaN
352.000000000012,NaN
352.100000000012,NaN
352.200000000012,NaN
352.300000000012,NaN
352.400000000012,NaN
352.500000000012,NaN
352.600000000012,NaN
352.700000000012,NaN
352.800000000012,NaN
352.900000000012,NaN
353.000000000012,NaN
353.100000000012,NaN
353.200000000012,NaN
353.300000000012,NaN
353.400000000012,NaN
353.500000000012,NaN
353.600000000012,NaN
353.700000000012,NaN
353.800000000012,NaN
353.900000000012,NaN
354.000000000012,NaN
354.100000000012,NaN
354.200000000012,NaN
354.300000000012,NaN
354.400000000012,NaN
354.500000000012,NaN
354.600000000012,NaN
354.700000000012,NaN
354.800000000012,NaN
354.900000000012,NaN
355.000000000012,NaN
355.100000000012,NaN
355.200000000012,NaN
355.300000000012,NaN
355.400000000012,NaN
355.500000000012,NaN
355.600000000012,NaN
355.700000000012,NaN
355.800000000012,NaN
355.900000000012,NaN
356.000000000012,NaN
356.100000000012,NaN
356.200000000012,NaN
356.300000000013,NaN
356.400000000013,NaN
356.500000000013,NaN
356.600000000013,NaN
356.700000000013,NaN
356.800000000013,NaN
356.900000000013,NaN
357.000000000013,NaN
357.100000000013,NaN
357.200000000013,NaN
357.300000000013,NaN
357.400000000013,NaN
357.500000000013,NaN
357.600000000013,NaN
357.700000000013,NaN
357.800000000013,NaN
357.900000000013,NaN
358.000000000013,NaN
358.100000000013,NaN
358.200000000013,NaN
358.300000000013,NaN
358.400000000013,NaN
358.500000000013,NaN
358.600000000013,NaN
358.700000000013,NaN
358.800000000013,NaN
358.900000000013,NaN
359.000000000013,NaN
359.100000000013,NaN
359.200000000013,NaN
359.300000000013,NaN
359.400000000013,NaN
359.500000000013,NaN
359.600000000013,NaN
359.700000000013,NaN
359.800000000013,NaN
359.900000000013,NaN
360.000000000013,NaN
360.100000000013,NaN
360.200000000013,NaN
360.300000000013,NaN
360.400000000013,NaN
360.500000000013,NaN
360.600000000013,NaN
360.700000000014,NaN
360.800000000014,NaN
360.900000000014,NaN
361.000000000014,NaN
361.100000000014,NaN
361.200000000014,NaN
361.300000000014,NaN
361.400000000014,NaN
361.500000000014,NaN
361.600000000014,NaN
361.700000000014,NaN
361.800000000014,NaN
361.900000000014,NaN
362.000000000014,NaN
362.100000000014,NaN
362.200000000014,NaN
362.300000000014,NaN
362.400000000014,NaN
362.500000000014,NaN
362.600000000014,NaN
362.700000000014,NaN
362.800000000014,NaN
362.900000000014,NaN
363.000000000014,NaN
363.100000000014,NaN
363.200000000014,NaN
363.300000000014,NaN
363.400000000014,NaN
363.500000000014,NaN
363.600000000014,NaN
363.700000000014,NaN
363.800000000014,NaN
363.900000000014,NaN
364.000000000014,NaN
364.100000000014,NaN
364.200000000014,NaN
364.300000000014,NaN
364.400000000014,NaN
364.500000000014,NaN
364.600000000014,NaN
364.700000000014,NaN
364.800000000014,NaN
364.900000000014,NaN
365.000000000014,NaN
365.100000000015,NaN
365.200000000015,NaN
365.300000000015,NaN
365.400000000015,NaN
365.500000000015,NaN
365.600000000015,NaN
365.700000000015,NaN
365.800000000015,NaN
365.900000000015,NaN
366.000000000015,NaN
366.100000000015,NaN
366.200000000015,NaN
366.300000000015,NaN
366.400000000015,NaN
366.500000000015,NaN
366.600000000015,NaN
366.700000000015,NaN
366.800000000015,NaN
366.900000000015,NaN
367.000000000015,NaN
367.100000000015,NaN
367.200000000015,NaN
367.300000000015,NaN
367.400000000015,NaN
367.500000000015,NaN
367.600000000015,NaN
367.700000000015,NaN
367.800000000015,NaN
367.900000000015,NaN
368.000000000015,NaN
368.100000000015,NaN
368.200000000015,NaN
368.300000000015,NaN
368.400000000015,NaN
368.500000000015,NaN
368.600000000015,NaN
368.700000000015,NaN
368.800000000015,NaN
368.900000000015,NaN
369.000000000015,NaN
369.100000000015,NaN
369.200000000015,NaN
369.300000000015,NaN
369.400000000015,NaN
369.500000000016,NaN
369.600000000016,NaN
369.700000000016,NaN
369.800000000016,NaN
369.900000000016,NaN
370.000000000016,NaN
370.100000000016,NaN
370.200000000016,NaN
370.300000000016,NaN
370.400000000016,NaN
370.500000000016,NaN
370.600000000016,NaN
370.700000000016,NaN
370.800000000016,NaN
370.900000000016,NaN
371.000000000016,NaN
371.100000000016,NaN
371.200000000016,NaN
371.300000000016,NaN
371.400000000016,NaN
371.500000000016,NaN
371.600000000016,NaN
371.700000000016,NaN
371.800000000016,NaN
371.900000000016,NaN
372.000000000016,NaN
372.100000000016,NaN
372.200000000016,NaN
372.300000000016,NaN
372.400000000016,NaN
372.500000000016,NaN
372.600000000016,NaN
372.700000000016,NaN
372.800000000016,NaN
372.900000000016,NaN
373.000000000016,NaN
373.100000000016,NaN
373.200000000016,NaN
373.300000000016,NaN
373.400000000016,NaN
373.500000000016,NaN
373.600000000016,NaN
373.700000000016,NaN
373.800000000016,NaN
373.900000000017,NaN
374.000000000017,NaN
374.100000000017,NaN
374.200000000017,NaN
374.300000000017,NaN
374.400000000017,NaN
374.500000000017,NaN
374.600000000017,NaN
374.700000000017,NaN
374.800000000017,NaN
374.900000000017,NaN
375.000000000017,NaN
375.100000000017,NaN
375.200000000017,NaN
375.300000000017,NaN
375.400000000017,NaN
375.500000000017,NaN
375.600000000017,NaN
375.700000000017,NaN
375.800000000017,NaN
375.900000000017,NaN
376.000000000017,NaN
376.100000000017,NaN
376.200000000017,NaN
376.300000000017,NaN
376.400000000017,NaN
376.500000000017,NaN
376.600000000017,NaN
376.700000000017,NaN
376.800000000017,NaN
376.900000000017,NaN
377.000000000017,NaN
377.100000000017,NaN
377.200000000017,NaN
377.300000000017,NaN
377.400000000017,NaN
377.500000000017,NaN
377.600000000017,NaN
377.700000000017,NaN
377.800000000017,NaN
377.900000000017,NaN
378.000000000017,NaN
378.100000000017,NaN
378.200000000017,NaN
378.300000000018,NaN
378.400000000018,NaN
378.500000000018,NaN
378.600000000018,NaN
378.700000000018,NaN
378.800000000018,NaN
378.900000000018,NaN
379.000000000018,NaN
379.100000000018,NaN
379.200000000018,NaN
379.300000000018,NaN
379.400000000018,NaN
379.500000000018,NaN
379.600000000018,NaN
379.700000000018,NaN
379.800000000018,NaN
379.900000000018,NaN
380.000000000018,NaN
380.100000000018,NaN
380.200000000018,NaN
380.300000000018,NaN
380.400000000018,NaN
380.500000000018,NaN
380.600000000018,NaN
380.700000000018,NaN
380.800000000018,NaN
380.900000000018,NaN
381.000000000018,NaN
381.100000000018,NaN
381.200000000018,NaN
381.300000000018,NaN
381.400000000018,NaN
381.500000000018,NaN
381.600000000018,NaN
381.700000000018,NaN
381.800000000018,NaN
381.900000000018,NaN
382.000000000018,NaN
382.100000000018,NaN
382.200000000018,NaN
382.300000000018,NaN
382.400000000018,NaN
382.500000000018,NaN
382.600000000018,NaN
382.700000000019,NaN
382.800000000019,NaN
382.900000000019,NaN
383.000000000019,NaN
383.100000000019,NaN
383.200000000019,NaN
383.300000000019,NaN
383.400000000019,NaN
383.500000000019,NaN
383.600000000019,NaN
383.700000000019,NaN
383.800000000019,NaN
383.900000000019,NaN
384.000000000019,NaN
384.100000000019,NaN
384.200000000019,NaN
384.300000000019,NaN
384.400000000019,NaN
384.500000000019,NaN
384.600000000019,NaN
384.700000000019,NaN
384.800000000019,NaN
384.900000000019,NaN
385.000000000019,NaN
385.100000000019,NaN
385.200000000019,NaN
385.300000000019,NaN
385.400000000019,NaN
385.500000000019,NaN
385.600000000019,NaN
385.700000000019,NaN
385.800000000019,NaN
385.900000000019,NaN
386.000000000019,NaN
386.100000000019,NaN
386.200000000019,NaN
386.300000000019,NaN
386.400000000019,NaN
386.500000000019,NaN
386.600000000019,NaN
386.700000000019,NaN
386.800000000019,NaN
386.900000000019,NaN
387.000000000019,NaN
387.10000000002,NaN
387.20000000002,NaN
387.30000000002,NaN
387.40000000002,NaN
387.50000000002,NaN
387.60000000002,NaN
387.70000000002,NaN
387.80000000002,NaN
387.90000000002,NaN
388.00000000002,NaN
388.10000000002,NaN
388.20000000002,NaN
388.30000000002,NaN
388.40000000002,NaN
388.50000000002,NaN
388.60000000002,NaN
388.70000000002,NaN
388.80000000002,NaN
388.90000000002,NaN
389.00000000002,NaN
389.10000000002,NaN
389.20000000002,NaN
389.30000000002,NaN
389.40000000002,NaN
389.50000000002,NaN
389.60000000002,NaN
389.70000000002,NaN
389.80000000002,NaN
389.90000000002,NaN
390.00000000002,NaN
390.10000000002,NaN
390.20000000002,NaN
390.30000000002,NaN
390.40000000002,NaN
390.50000000002,NaN
390.60000000002,NaN
390.70000000002,NaN
390.80000000002,NaN
390.90000000002,NaN
391.00000000002,NaN
391.10000000002,NaN
391.20000000002,NaN
391.30000000002,NaN
391.40000000002,NaN
391.500000000021,NaN
391.600000000021,NaN
391.700000000021,NaN
391.800000000021,NaN
391.900000000021,NaN
392.000000000021,NaN
392.100000000021,NaN
392.200000000021,NaN
392.300000000021,NaN
392.400000000021,NaN
392.500000000021,NaN
392.600000000021,NaN
392.700000000021,NaN
392.800000000021,NaN
392.900000000021,NaN
393.000000000021,NaN
393.100000000021,NaN
393.200000000021,NaN
393.300000000021,NaN
393.400000000021,NaN
393.500000000021,NaN
393.600000000021,NaN
393.700000000021,NaN
393.800000000021,NaN
393.900000000021,NaN
394.000000000021,NaN
394.100000000021,NaN
394.200000000021,NaN
394.300000000021,NaN
394.400000000021,NaN
394.500000000021,NaN
394.600000000021,NaN
394.700000000021,NaN
394.800000000021,NaN
394.900000000021,NaN
395.000000000021,NaN
395.100000000021,NaN
395.200000000021,NaN
395.300000000021,NaN
395.400000000021,NaN
395.500000000021,NaN
395.600000000021,NaN
395.700000000021,NaN
395.800000000021,NaN
395.900000000022,NaN
396.000000000022,NaN
396.100000000022,NaN
396.200000000022,NaN
396.300000000022,NaN
396.400000000022,NaN
396.500000000022,NaN
396.600000000022,NaN
396.700000000022,NaN
396.800000000022,NaN
396.900000000022,NaN
397.000000000022,NaN
397.100000000022,NaN
397.200000000022,NaN
397.300000000022,NaN
397.400000000022,NaN
397.500000000022,NaN
397.600000000022,NaN
397.700000000022,NaN
397.800000000022,NaN
397.900000000022,NaN
398.000000000022,NaN
398.100000000022,NaN
398.200000000022,NaN
398.300000000022,NaN
398.400000000022,NaN
398.500000000022,NaN
398.600000000022,NaN
398.700000000022,NaN
398.800000000022,NaN
398.900000000022,NaN
399.000000000022,NaN
399.100000000022,NaN
399.200000000022,NaN
399.300000000022,NaN
399.400000000022,NaN
399.500000000022,NaN
399.600000000022,NaN
399.700000000022,NaN
399.800000000022,NaN
399.900000000022,NaN
400.000000000022,NaN
