0,0
0.1,3.1917860891197e-32
0.2,1.28167102762342e-27
0.3,6.15552451322588e-25
0.4,4.90274967758953e-23
0.5,1.47642671697194e-21
0.6,2.4092062705453e-20
0.7,2.57158844770496e-19
0.8,2.00715976843641e-18
0.9,1.23092010517027e-17
1,6.23119350225654e-17
1.1,2.69777750902181e-16
1.2,1.02565480002844e-15
1.3,3.49410811067183e-15
1.4,1.08364884347608e-14
1.5,3.09847080824959e-14
1.6,8.25211972365254e-14
1.7,2.06445181397811e-13
1.8,4.88554479639889e-13
1.9,1.10015571851197e-12
2,2.36921984813341e-12
2.1,4.90039339358612e-12
2.2,9.77101222008678e-12
2.3,1.88420774482203e-11
2.4,3.52387484881254e-11
2.5,6.40750510887299e-11
2.6,1.13522995216972e-10
2.7,1.96357973823528e-10
2.8,3.32150987127879e-10
2.9,5.5032468924905e-10
3,8.94345197719962e-10
3.1,1.42738565331607e-09
3.2,2.23987114517894e-09
3.3,3.45939813581133e-09
3.4,5.26361504773586e-09
3.5,7.89675410171493e-09
3.6,1.1690617474111e-08
3.7,1.70909427550993e-08
3.8,2.46902026536017e-08
3.9,3.52680307440323e-08
4,4.98406073421051e-08
4.1,6.97204856208453e-08
4.2,9.65884858680957e-08
4.3,1.32579433144737e-07
4.4,1.80383658124435e-07
4.5,2.43366320004138e-07
4.6,3.25706741358048e-07
4.7,4.32560064861568e-07
4.8,5.70243648083118e-07
4.9,7.46450702177698e-07
5,9.70493750511772e-07
5.1,1.25358053129745e-06
5.2,1.60912499165387e-06
5.3,2.05309601677716e-06
5.4,2.60440650495779e-06
5.5,3.28534533518412e-06
5.6,4.12205467747994e-06
5.7,5.1450549657578e-06
5.8,6.38981968802117e-06
5.9,7.89740194881085e-06
5.99999999999999,9.71511452387269e-06
6.09999999999999,1.18972648575601e-05
6.19999999999999,1.45059461503414e-05
6.29999999999999,1.76118853482526e-05
6.39999999999999,2.12953484799349e-05
6.49999999999999,2.56471033921437e-05
6.59999999999999,3.07694395138176e-05
6.69999999999999,3.67772438348242e-05
6.79999999999999,4.37991318215546e-05
6.89999999999999,5.19786315111186e-05
6.99999999999999,6.1475418532771e-05
7.09999999999999,7.24665993033481e-05
7.19999999999999,8.5148039137088e-05
7.29999999999999,9.97357315035398e-05
7.39999999999999,0.000116467204164728
7.49999999999999,0.000135602957428749
7.59999999999999,0.000157427929275982
7.69999999999999,0.000182252981650428
7.79999999999999,0.000210416401766692
7.89999999999999,0.000242285411866867
7.99999999999999,0.000278257680475076
8.09999999999999,0.00031876282784437
8.19999999999999,0.000364263917974663
8.29999999999999,0.000415258929304424
8.39999999999999,0.000472282195946043
8.49999999999999,0.000535905811147541
8.59999999999999,0.000606740984523838
8.69999999999999,0.000685439344510948
8.79999999999998,0.000772694177457621
8.89999999999998,0.000869241594782173
8.99999999999998,0.000975861619688015
9.09999999999998,0.00109337918505011
9.19999999999998,0.00122266503425585
9.29999999999998,0.00136463651700715
9.39999999999998,0.00152025827236491
9.49999999999998,0.00169054279164117
9.59999999999998,0.00187655085411596
9.69999999999998,0.00207939182897397
9.79999999999998,0.00230022383731747
9.89999999999998,0.00254025376861393
9.99999999999998,0.00280073714647701
10.1,0.00308297783925413
10.2,0.00338832761150004
10.3,0.00371818551304922
10.4,0.00407399710305764
10.5,0.00445725350706229
10.6,0.00486949030580026
10.7,0.00531228625523541
10.8,0.00578726183795434
10.9,0.00629607764681137
11,0.00684043260241993
11.1,0.00742206200680164
11.2,0.00804273543621012
11.3,0.00870425447684066
11.4,0.00940845030781546
11.5,0.010157181136494
11.6,0.0109523294917954
11.7,0.0117957993818315
11.8,0.0126895133227332
11.9,0.0136354092461044
12,0.0146354372930568
12.1,0.0156915565032622
12.2,0.0168057314079002
12.3,0.01797992853579
12.4,0.0192161128423509
12.5,0.0205162440713629
12.6,0.0218822730597726
12.7,0.0233161379960225
12.8,0.0248197606425704
12.9,0.0263950425334071
13,0.0280438611574781
13.1,0.0297680661389668
13.2,0.0315694754254062
13.3,0.0334498714945452
13.4,0.0354109975908239
13.5,0.0374545540021816
13.6,0.0395821943877698
13.7,0.041795522166931
13.8,0.0440960869795744
13.9,0.0464853812277982
14,0.048964836708304
14.1,0.0515358213448043
14.2,0.0541996360292568
14.3,0.0569575115803569
14.4,0.0598106058272995
14.5,0.0627600008263679
14.6,0.0658067002174465
14.7,0.068951626727059
14.8,0.0721956198240363
14.9,0.0755394335333976
15,0.0789837344135011
15.1,0.082529099700982
15.2,0.0861760156274529
15.3,0.0899248759113891
15.4,0.0937759804280749
15.5,0.097729534059932
15.6,0.101785645729005
15.7,0.105944327612834
15.8,0.110205494544398
15.9,0.114568963596303
16,0.119034453848843
16.1,0.123601586341061
16.2,0.12826988420346
16.3,0.133038772970506
16.4,0.137907581070601
16.5,0.142875540490791
16.6,0.14794178761299
16.7,0.153105364218138
16.8,0.158365218654288
16.9,0.163720207164268
17,0.169169095368212
17.1,0.174710559895914
17.2,0.180343190163685
17.3,0.186065490290083
17.4,0.191875881144662
17.5,0.197772702523625
17.6,0.203754215446079
17.7,0.209818604564399
17.8,0.215963980682045
17.9,0.222188383372039
18,0.228489783689208
18.1,0.234866086969184
18.2,0.241315135707107
18.3,0.247834712508922
18.4,0.254422543108125
18.5,0.261076299440829
18.6,0.26779360277202
18.7,0.274572026865918
18.8,0.281409101193407
18.9,0.288302314169566
19,0.29524911641444
19.1,0.302246924030267
19.2,0.309293121888523
19.3,0.316385066920267
19.4,0.323520091403423
19.5,0.330695506240787
19.6,0.337908604222746
19.7,0.345156663268839
19.8,0.352436949642522
19.9,0.359746721133678
20,0.367083230203631
20.1,0.374443727087651
20.2,0.381825462850123
20.3,0.389225692387851
20.4,0.396641677377115
20.5,0.404070689160415
20.6,0.411510011569031
20.7,0.418956943677774
20.8,0.426408802488566
20.9,0.43386292553972
21,0.441316673438019
21.1,0.448767432310972
21.2,0.456212616176828
21.3,0.463649669230204
21.4,0.47107606804138
21.5,0.478489323667597
21.6,0.485886983674873
21.7,0.493266634069112
21.8,0.500625901135494
21.9,0.507962453185342
22,0.515274002209875
22.1,0.522558305440467
22.2,0.529813166815232
22.3,0.537036438351924
22.4,0.544226021427358
22.5,0.55137986796372
22.6000000000001,0.558495981522297
22.7000000000001,0.565572418305341
22.8000000000001,0.572607288066922
22.9000000000001,0.579598754933783
23.0000000000001,0.586545038137349
23.1000000000001,0.593444412658171
23.2000000000001,0.600295209784215
23.3000000000001,0.60709581758453
23.4000000000001,0.613844681299935
23.5000000000001,0.620540303652457
23.6000000000001,0.627181245075376
23.7000000000001,0.633766123865779
23.8000000000001,0.640293616261659
23.9000000000001,0.646762456445607
24.0000000000001,0.653171436477265
24.1000000000001,0.659519406156736
24.2000000000001,0.665805272821203
24.3000000000001,0.672028001077071
24.4000000000001,0.67818661246995
24.5000000000001,0.684280185094878
24.6000000000001,0.690307853149158
24.7000000000001,0.696268806430243
24.8000000000001,0.702162289781094
24.9000000000001,0.707987602485452
25.0000000000001,0.713744097615473
25.1000000000001,0.719431181334161
25.2000000000001,0.725048312155043
25.3000000000001,0.730595000161503
25.4000000000001,0.736070806188187
25.5000000000001,0.741475340966865
25.6000000000001,0.746808264239119
25.7000000000001,0.752069283838181
25.8000000000001,0.757258154742244
25.9000000000001,0.762374678101498
26.0000000000001,0.767418700241129
26.1000000000001,0.772390111642479
26.2000000000001,0.777288845904503
26.3000000000001,0.782114878687632
26.4000000000001,0.786868226642097
26.5000000000001,0.791548946322707
26.6000000000001,0.796157133092046
26.7000000000001,0.800692920013978
26.8000000000001,0.805156476739306
26.9000000000001,0.809548008385371
27.0000000000001,0.813867754411316
27.1000000000001,0.818115987490698
27.2000000000001,0.822293012383045
27.3000000000001,0.826399164805919
27.4000000000001,0.830434810308974
27.5000000000001,0.834400343151445
27.6000000000001,0.838296185184435
27.7000000000001,0.842122784739307
27.8000000000001,0.84588061552345
27.9000000000001,0.84957017552458
28.0000000000001,0.853191985924739
28.1000000000001,0.856746590025037
28.2000000000001,0.860234552182167
28.3000000000001,0.863656456757639
28.4000000000001,0.867012907080636
28.5000000000001,0.870304524425329
28.6000000000001,0.873531947003438
28.7000000000001,0.876695828972771
28.8000000000001,0.879796839462423
28.9000000000001,0.882835661615246
29.0000000000001,0.88581299164818
29.1000000000001,0.888729537930965
29.2000000000001,0.891586020083704
29.3000000000001,0.894383168093704
29.4000000000001,0.897121721451989
29.5000000000001,0.899802428309811
29.6000000000002,0.902426044655452
29.7000000000002,0.90499333351158
29.8000000000002,0.907505064153354
29.9000000000002,0.909962011347466
30.0000000000002,0.912364954612245
30.1000000000002,0.914714677498918
30.2000000000002,0.917011966894104
30.3000000000002,0.919257612343561
30.4000000000002,0.921452405397185
30.5000000000002,0.923597138975227
30.6000000000002,0.92569260675568
30.7000000000002,0.927739602582724
30.8000000000002,0.929738919896135
30.9000000000002,0.931691351181504
31.0000000000002,0.933597687441105
31.1000000000002,0.935458717685239
31.2000000000002,0.937275228443816
31.3000000000002,0.939048003297989
31.4000000000002,0.940777822431561
31.5000000000002,0.942465462201921
31.6000000000002,0.944111694730222
31.7000000000002,0.945717287510524
31.8000000000002,0.947283003037571
31.9000000000002,0.948809598452904
32.0000000000002,0.950297825208973
32.1000000000002,0.951748428750907
32.2000000000002,0.953162148215591
32.3000000000002,0.954539716147694
32.4000000000002,0.955881858232284
32.5000000000002,0.957189293043656
32.6000000000002,0.958462731809995
32.7000000000002,0.959702878193495
32.8000000000002,0.96091042808554
32.9000000000002,0.962086069416572
33.0000000000002,0.963230481980236
33.1000000000002,0.964344337271428
33.2000000000002,0.965428298337835
33.3000000000002,0.966483019644583
33.4000000000002,0.967509146951591
33.5000000000002,0.968507317203251
33.6000000000002,0.969478158430018
33.7000000000002,0.970422289661552
33.8000000000002,0.97134032085099
33.9000000000002,0.972232852809989
34.0000000000002,0.973100477154154
34.1000000000002,0.973943776258457
34.2000000000002,0.974763323222293
34.3000000000002,0.975559681843798
34.4000000000002,0.976333406603063
34.5000000000002,0.977085042653877
34.6000000000002,0.977815125823669
34.7000000000002,0.978524182621274
34.8000000000002,0.979212730252196
34.9000000000002,0.979881276641035
35.0000000000002,0.980530320460737
35.1000000000002,0.981160351168353
35.2000000000002,0.981771849046985
35.3000000000002,0.982365285253618
35.4000000000002,0.982941121872522
35.5000000000002,0.983499811973943
35.6000000000002,0.984041799677784
35.7000000000002,0.984567520222
35.8000000000002,0.985077400035429
35.9000000000002,0.985571856814799
36.0000000000002,0.986051299605639
36.1000000000002,0.986516128886857
36.2000000000002,0.986966736658732
36.3000000000002,0.987403506534073
36.4000000000002,0.98782681383234
36.5000000000002,0.988237025676471
36.6000000000003,0.988634501092229
36.7000000000003,0.98901959110984
36.8000000000003,0.989392638867728
36.9000000000003,0.989753979718147
37.0000000000003,0.990103941334537
37.1000000000003,0.990442843820394
37.2000000000003,0.990770999819511
37.3000000000003,0.991088714627404
37.4000000000003,0.991396286303759
37.5000000000003,0.991694005785759
37.6000000000003,0.991982157002131
37.7000000000003,0.992261016987778
37.8000000000003,0.992530855998849
37.9000000000003,0.992791937628129
38.0000000000003,0.993044518920617
38.1000000000003,0.993288850489179
38.2000000000003,0.993525176630151
38.3000000000003,0.993753735438798
38.4000000000003,0.993974758924519
38.5000000000003,0.994188473125702
38.6000000000003,0.994395098224138
38.7000000000003,0.994594848658905
38.8000000000003,0.994787933239637
38.9000000000003,0.99497455525911
39.0000000000003,0.995154912605061
39.1000000000003,0.995329197871172
39.2000000000003,0.995497598467165
39.3000000000003,0.995660296727933
39.4000000000003,0.995817470021657
39.5000000000003,0.995969290856867
39.6000000000003,0.99611592698837
39.7000000000003,0.996257541522031
39.8000000000003,0.996394293018349
39.9000000000003,0.996526335594782
40.0000000000003,0.99665381902681
40.1000000000003,0.996776888847676
40.2000000000003,0.996895686446795
40.3000000000003,0.997010349166803
40.4000000000003,0.997121010399202
40.5000000000003,0.997227799678619
40.6000000000003,0.997330842775615
40.7000000000003,0.997430261788065
40.8000000000003,0.997526175231077
40.9000000000003,0.997618698125442
41.0000000000003,0.997707942084605
41.1000000000003,0.997794015400153
41.2000000000003,0.997877023125813
41.3000000000003,0.997957067159957
41.4000000000003,0.998034246326605
41.5000000000003,0.998108656454941
41.6000000000003,0.998180390457331
41.7000000000003,0.998249538405846
41.8000000000003,0.998316187607307
41.9000000000003,0.998380422676839
42.0000000000003,0.998442325609957
42.1000000000003,0.998501975853187
42.2000000000003,0.998559450373221
42.3000000000003,0.998614823724637
42.4000000000003,0.998668168116177
42.5000000000003,0.998719553475603
42.6000000000003,0.99876904751314
42.7000000000003,0.99881671578353
42.8000000000003,0.998862621746695
42.9000000000003,0.998906826827041
43.0000000000003,0.998949390471405
43.1000000000003,0.998990370205669
43.2000000000003,0.999029821690061
43.3000000000003,0.999067798773149
43.4000000000003,0.999104353544552
43.5000000000003,0.999139536386396
43.6000000000003,0.999173396023512
43.7000000000004,0.999205979572414
43.8000000000004,0.99923733258907
43.9000000000004,0.999267499115476
44.0000000000004,0.999296521725071
44.1000000000004,0.999324441566993
44.2000000000004,0.999351298409214
44.3000000000004,0.999377130680559
44.4000000000004,0.999401975511634
44.5000000000004,0.999425868774691
44.6000000000004,0.999448845122435
44.7000000000004,0.999470938025806
44.8000000000004,0.999492179810751
44.9000000000004,0.999512601694001
45.0000000000004,0.999532233817886
45.1000000000004,0.999551105284191
45.2000000000004,0.999569244187089
45.3000000000004,0.999586677645157
45.4000000000004,0.999603431832505
45.5000000000004,0.999619532009028
45.6000000000004,0.999635002549809
45.7000000000004,0.999649866973687
45.8000000000004,0.999664147971006
45.9000000000004,0.999677867430571
46.0000000000004,0.999691046465826
46.1000000000004,0.999703705440265
46.2000000000004,0.999715863992111
46.3000000000004,0.99972754105826
46.4000000000004,0.999738754897525
46.5000000000004,0.999749523113184
46.6000000000004,0.999759862674861
46.7000000000004,0.999769789939743
46.8000000000004,0.999779320673167
46.9000000000004,0.999788470068572
47.0000000000004,0.99979725276685
47.1000000000004,0.999805682875104
47.2000000000004,0.999813773984827
47.3000000000004,0.99982153918952
47.4000000000004,0.999828991101762
47.5000000000004,0.999836141869752
47.6000000000004,0.999843003193323
47.7000000000004,0.999849586339464
47.8000000000004,0.999855902157343
47.9000000000004,0.999861961092853
48.0000000000004,0.999867773202699
48.1000000000004,0.999873348168031
48.2000000000004,0.999878695307637
48.3000000000004,0.999883823590713
48.4000000000004,0.999888741649216
48.5000000000004,0.99989345778982
48.6000000000004,0.999897980005472
48.7000000000004,0.999902315986579
48.8000000000004,0.999906473131821
48.9000000000004,0.999910458558606
49.0000000000004,0.999914279113179
49.1000000000004,0.999917941380397
49.2000000000004,0.999921451693174
49.3000000000004,0.999924816141609
49.4000000000004,0.999928040581805
49.5000000000004,0.999931130644398
49.6000000000004,0.999934091742787
49.7000000000004,0.999936929081087
49.8000000000004,0.999939647661816
49.9000000000004,0.999942252293309
50.0000000000004,0.999944747596883
50.1000000000004,0.999947138013757
50.2000000000004,0.999949427811725
50.3000000000004,0.999951621091604
50.4000000000004,0.999953721793454
50.5000000000004,0.999955733702585
50.6000000000004,0.999957660455342
50.7000000000005,0.999959505544704
50.8000000000005,0.999961272325671
50.9000000000005,0.999962964020467
51.0000000000005,0.999964583723556
51.1000000000005,0.999966134406481
51.2000000000005,0.999967618922531
51.3000000000005,0.999969040011239
51.4000000000005,0.999970400302718
51.5000000000005,0.999971702321845
51.6000000000005,0.999972948492286
51.7000000000005,0.999974141140387
51.8000000000005,0.999975282498913
51.9000000000005,0.999976374710655
52.0000000000005,0.999977419831907
52.1000000000005,0.999978419835812
52.2000000000005,0.99997937661559
52.3000000000005,0.999980291987643
52.4000000000005,0.999981167694546
52.5000000000005,0.99998200540793
52.6000000000005,0.999982806731256
52.7000000000005,0.999983573202485
52.8000000000005,0.999984306296653
52.9000000000005,0.999985007428343
53.0000000000005,0.999985677954069
53.1000000000005,0.999986319174571
53.2000000000005,0.999986932337022
53.3000000000005,0.99998751863715
53.4000000000005,0.999988079221282
53.5000000000005,0.999988615188313
53.6000000000005,0.999989127591593
53.7000000000005,0.999989617440749
53.8000000000005,0.999990085703436
53.9000000000005,0.999990533307018
54.0000000000005,0.999990961140186
54.1000000000005,0.999991370054516
54.2000000000005,0.999991760865965
54.3000000000005,0.999992134356308
54.4000000000005,0.999992491274523
54.5000000000005,0.99999283233812
54.6000000000005,0.999993158234417
54.7000000000005,0.99999346962177
54.8000000000005,0.999993767130751
54.9000000000005,0.999994051365284
55.0000000000005,0.999994322903731
55.1000000000005,0.999994582299945
55.2000000000005,0.999994830084269
55.3000000000005,0.999995066764504
55.4000000000005,0.999995292826839
55.5000000000005,0.999995508736739
55.6000000000005,0.999995714939803
55.7000000000005,0.999995911862582
55.8000000000005,0.999996099913373
55.9000000000005,0.999996279482973
56.0000000000005,0.999996450945408
56.1000000000005,0.99999661465863
56.2000000000005,0.999996770965185
56.3000000000005,0.999996920192863
56.4000000000005,0.999997062655307
56.5000000000005,0.999997198652611
56.6000000000005,0.999997328471886
56.7000000000005,0.999997452387808
56.8000000000005,0.999997570663135
56.9000000000005,0.999997683549218
57.0000000000005,0.999997791286476
57.1000000000005,0.999997894104858
57.2000000000005,0.999997992224292
57.3000000000005,0.999998085855101
57.4000000000005,0.99999817519842
57.5000000000005,0.99999826044658
57.6000000000005,0.999998341783484
57.7000000000005,0.999998419384969
57.8000000000006,0.999998493419148
57.9000000000006,0.999998564046741
58.0000000000006,0.999998631421392
58.1000000000006,0.999998695689969
58.2000000000006,0.99999875699286
58.3000000000006,0.999998815464251
58.4000000000006,0.999998871232387
58.5000000000006,0.999998924419835
58.6000000000006,0.999998975143727
58.7000000000006,0.999999023515992
58.8000000000006,0.999999069643588
58.9000000000006,0.999999113628707
59.0000000000006,0.999999155568994
59.1000000000006,0.999999195557735
59.2000000000006,0.99999923368405
59.3000000000006,0.999999270033078
59.4000000000006,0.999999304686144
59.5000000000006,0.999999337720931
59.6000000000006,0.999999369211637
59.7000000000006,0.999999399229127
59.8000000000006,0.999999427841081
59.9000000000006,0.999999455112134
60.0000000000006,0.999999481104006
60.1000000000006,0.999999505875636
60.2000000000006,0.9999995294833
60.3000000000006,0.999999551980731
60.4000000000006,0.99999957341923
60.5000000000006,0.999999593847774
60.6000000000006,0.99999961331312
60.7000000000006,0.999999631859901
60.8000000000006,0.999999649530723
60.9000000000006,0.999999666366253
61.0000000000006,0.999999682405307
61.1000000000006,0.99999969768493
61.2000000000006,0.999999712240478
61.3000000000006,0.999999726105691
61.4000000000006,0.999999739312767
61.5000000000006,0.99999975189243
61.6000000000006,0.999999763873996
61.7000000000006,0.999999775285436
61.8000000000006,0.999999786153438
61.9000000000006,0.999999796503463
62.0000000000006,0.999999806359799
62.1000000000006,0.999999815745619
62.2000000000006,0.999999824683025
62.3000000000006,0.9999998331931
62.4000000000006,0.999999841295954
62.5000000000006,0.999999849010767
62.6000000000006,0.999999856355831
62.7000000000006,0.999999863348592
62.8000000000006,0.999999870005685
62.9000000000006,0.999999876342976
63.0000000000006,0.999999882375591
63.1000000000006,0.999999888117954
63.2000000000006,0.999999893583819
63.3000000000006,0.999999898786298
63.4000000000006,0.999999903737891
63.5000000000006,0.999999908450516
63.6000000000006,0.999999912935535
63.7000000000006,0.999999917203776
63.8000000000006,0.999999921265562
63.9000000000006,0.999999925130733
64.0000000000006,0.999999928808667
64.1000000000006,0.999999932308303
64.2000000000006,0.999999935638157
64.3000000000006,0.999999938806349
64.4000000000006,0.999999941820614
64.5000000000006,0.999999944688324
64.6000000000006,0.999999947416503
64.7000000000006,0.999999950011844
64.8000000000006,0.999999952480723
64.9000000000006,0.999999954829217
65.0000000000006,0.999999957063113
65.1000000000006,0.999999959187926
65.2000000000006,0.999999961208909
65.3000000000006,0.999999963131064
65.4000000000006,0.99999996495916
65.5000000000006,0.999999966697735
65.6000000000005,0.999999968351114
65.7000000000005,0.999999969923416
65.8000000000005,0.999999971418562
65.9000000000005,0.999999972840288
66.0000000000005,0.999999974192151
66.1000000000005,0.999999975477539
66.2000000000005,0.999999976699677
66.3000000000005,0.999999977861636
66.4000000000005,0.999999978966341
66.5000000000005,0.999999980016576
66.6000000000005,0.999999981014993
66.7000000000005,0.999999981964114
66.8000000000005,0.999999982866342
66.9000000000005,0.999999983723964
67.0000000000005,0.999999984539158
67.1000000000005,0.999999985313996
67.2000000000005,0.99999998605045
67.3000000000005,0.999999986750398
67.4000000000004,0.999999987415626
67.5000000000004,0.999999988047836
67.6000000000004,0.999999988648646
67.7000000000004,0.999999989219596
67.8000000000004,0.999999989762152
67.9000000000004,0.999999990277708
68.0000000000004,0.999999990767592
68.1000000000004,0.999999991233066
68.2000000000004,0.999999991675333
68.3000000000004,0.999999992095535
68.4000000000004,0.999999992494759
68.5000000000004,0.999999992874041
68.6000000000004,0.999999993234365
68.7000000000004,0.999999993576666
68.8000000000004,0.999999993901837
68.9000000000004,0.999999994210724
69.0000000000004,0.999999994504133
69.1000000000003,0.99999999478283
69.2000000000003,0.999999995047545
69.3000000000003,0.999999995298972
69.4000000000003,0.999999995537768
69.5000000000003,0.999999995764562
69.6000000000003,0.99999999597995
69.7000000000003,0.999999996184499
69.8000000000003,0.999999996378749
69.9000000000003,0.999999996563211
70.0000000000003,0.999999996738375
70.1000000000003,0.999999996904702
70.2000000000003,0.999999997062634
70.3000000000003,0.999999997212591
70.4000000000003,0.999999997354969
70.5000000000003,0.999999997490149
70.6000000000003,0.999999997618489
70.7000000000003,0.999999997740333
70.8000000000003,0.999999997856006
70.9000000000002,0.999999997965816
71.0000000000002,0.999999998070058
71.1000000000002,0.99999999816901
71.2000000000002,0.99999999826294
71.3000000000002,0.999999998352097
71.4000000000002,0.999999998436724
71.5000000000002,0.999999998517047
71.6000000000002,0.999999998593283
71.7000000000002,0.999999998665637
71.8000000000002,0.999999998734306
71.9000000000002,0.999999998799475
72.0000000000002,0.999999998861321
72.1000000000002,0.999999998920011
72.2000000000002,0.999999998975704
72.3000000000002,0.999999999028553
72.4000000000002,0.999999999078701
72.5000000000002,0.999999999126284
72.6000000000002,0.999999999171432
72.7000000000001,0.99999999921427
72.8000000000001,0.999999999254913
72.9000000000001,0.999999999293473
73.0000000000001,0.999999999330056
73.1000000000001,0.999999999364762
73.2000000000001,0.999999999397687
73.3000000000001,0.999999999428921
73.4000000000001,0.99999999945855
73.5000000000001,0.999999999486655
73.6000000000001,0.999999999513315
73.7000000000001,0.999999999538603
73.8000000000001,0.999999999562588
73.9000000000001,0.999999999585338
74.0000000000001,0.999999999606915
74.1000000000001,0.999999999627379
74.2000000000001,0.999999999646787
74.3000000000001,0.999999999665193
74.4,0.999999999682649
74.5,0.999999999699202
74.6,0.999999999714899
74.7,0.999999999729784
74.8,0.999999999743899
74.9,0.999999999757283
75,0.999999999769974
75.1,0.999999999782006
75.2,0.999999999793415
75.3,0.999999999804231
75.4,0.999999999814486
75.5,0.999999999824208
75.6,0.999999999833425
75.7,0.999999999842163
75.8,0.999999999850447
75.9,0.999999999858299
76,0.999999999865742
76.1,0.999999999872798
76.1999999999999,0.999999999879485
76.2999999999999,0.999999999885824
76.3999999999999,0.999999999891833
76.4999999999999,0.999999999897527
76.5999999999999,0.999999999902925
76.6999999999999,0.99999999990804
76.7999999999999,0.999999999912888
76.8999999999999,0.999999999917483
76.9999999999999,0.999999999921837
77.0999999999999,0.999999999925963
77.1999999999999,0.999999999929873
77.2999999999999,0.999999999933578
77.3999999999999,0.999999999937089
77.4999999999999,0.999999999940416
77.5999999999999,0.999999999943568
77.6999999999999,0.999999999946555
77.7999999999999,0.999999999949385
77.8999999999998,0.999999999952066
77.9999999999998,0.999999999954606
78.0999999999998,0.999999999957013
78.1999999999998,0.999999999959293
78.2999999999998,0.999999999961453
78.3999999999998,0.9999999999635
78.4999999999998,0.999999999965438
78.5999999999998,0.999999999967275
78.6999999999998,0.999999999969014
78.7999999999998,0.999999999970662
78.8999999999998,0.999999999972223
78.9999999999998,0.999999999973701
79.0999999999998,0.999999999975101
79.1999999999998,0.999999999976427
79.2999999999998,0.999999999977684
79.3999999999998,0.999999999978873
79.4999999999998,0.99999999998
79.5999999999998,0.999999999981067
79.6999999999997,0.999999999982078
79.7999999999997,0.999999999983035
79.8999999999997,0.999999999983941
79.9999999999997,0.999999999984799
80.0999999999997,0.999999999985612
80.1999999999997,0.999999999986381
80.2999999999997,0.99999999998711
80.3999999999997,0.9999999999878
80.4999999999997,0.999999999988453
80.5999999999997,0.999999999989072
80.6999999999997,0.999999999989657
80.7999999999997,0.999999999990212
80.8999999999997,0.999999999990737
80.9999999999997,0.999999999991234
81.0999999999997,0.999999999991704
81.1999999999997,0.99999999999215
81.2999999999997,0.999999999992571
81.3999999999997,0.999999999992971
81.4999999999996,0.999999999993348
81.5999999999996,0.999999999993706
81.6999999999996,0.999999999994045
81.7999999999996,0.999999999994365
81.8999999999996,0.999999999994669
81.9999999999996,0.999999999994956
82.0999999999996,0.999999999995228
82.1999999999996,0.999999999995485
82.2999999999996,0.999999999995728
82.3999999999996,0.999999999995959
82.4999999999996,0.999999999996177
82.5999999999996,0.999999999996383
82.6999999999996,0.999999999996578
82.7999999999996,0.999999999996763
82.8999999999996,0.999999999996938
82.9999999999996,0.999999999997104
83.0999999999996,0.99999999999726
83.1999999999995,0.999999999997409
83.2999999999995,0.999999999997549
83.3999999999995,0.999999999997681
83.4999999999995,0.999999999997807
83.5999999999995,0.999999999997926
83.6999999999995,0.999999999998038
83.7999999999995,0.999999999998144
83.8999999999995,0.999999999998245
83.9999999999995,0.99999999999834
84.0999999999995,0.99999999999843
84.1999999999995,0.999999999998515
84.2999999999995,0.999999999998596
84.3999999999995,0.999999999998672
84.4999999999995,0.999999999998744
84.5999999999995,0.999999999998813
84.6999999999995,0.999999999998877
84.7999999999995,0.999999999998938
84.8999999999995,0.999999999998996
84.9999999999994,0.999999999999051
85.0999999999994,0.999999999999102
85.1999999999994,0.999999999999151
85.2999999999994,0.999999999999197
85.3999999999994,0.999999999999241
85.4999999999994,0.999999999999282
85.5999999999994,0.999999999999321
85.6999999999994,0.999999999999358
85.7999999999994,0.999999999999393
85.8999999999994,0.999999999999426
85.9999999999994,0.999999999999458
86.0999999999994,0.999999999999487
86.1999999999994,0.999999999999515
86.2999999999994,0.999999999999542
86.3999999999994,0.999999999999567
86.4999999999994,0.99999999999959
86.5999999999994,0.999999999999613
86.6999999999993,0.999999999999634
86.7999999999993,0.999999999999654
86.8999999999993,0.999999999999673
86.9999999999993,0.99999999999969
87.0999999999993,0.999999999999707
87.1999999999993,0.999999999999723
87.2999999999993,0.999999999999738
87.3999999999993,0.999999999999753
87.4999999999993,0.999999999999766
87.5999999999993,0.999999999999779
87.6999999999993,0.999999999999791
87.7999999999993,0.999999999999803
87.8999999999993,0.999999999999813
87.9999999999993,0.999999999999824
88.0999999999993,0.999999999999833
88.1999999999993,0.999999999999842
88.2999999999993,0.999999999999851
88.3999999999993,0.999999999999859
88.4999999999992,0.999999999999867
88.5999999999992,0.999999999999874
88.6999999999992,0.999999999999881
88.7999999999992,0.999999999999887
88.8999999999992,0.999999999999894
88.9999999999992,0.999999999999899
89.0999999999992,0.999999999999905
89.1999999999992,0.99999999999991
89.2999999999992,0.999999999999915
89.3999999999992,0.99999999999992
89.4999999999992,0.999999999999924
89.5999999999992,0.999999999999928
89.6999999999992,0.999999999999932
89.7999999999992,0.999999999999935
89.8999999999992,0.999999999999939
89.9999999999992,0.999999999999942
90.0999999999992,0.999999999999945
90.1999999999992,0.999999999999948
90.2999999999991,0.999999999999951
90.3999999999991,0.999999999999954
90.4999999999991,0.999999999999956
90.5999999999991,0.999999999999958
90.6999999999991,0.999999999999961
90.7999999999991,0.999999999999963
90.8999999999991,0.999999999999965
90.9999999999991,0.999999999999967
91.0999999999991,0.999999999999968
91.1999999999991,0.99999999999997
91.2999999999991,0.999999999999972
91.3999999999991,0.999999999999973
91.4999999999991,0.999999999999975
91.5999999999991,0.999999999999976
91.6999999999991,0.999999999999977
91.7999999999991,0.999999999999978
91.8999999999991,0.999999999999979
91.999999999999,0.999999999999981
92.099999999999,0.999999999999982
92.199999999999,0.999999999999982
92.299999999999,0.999999999999983
92.399999999999,0.999999999999984
92.499999999999,0.999999999999985
92.599999999999,0.999999999999986
92.699999999999,0.999999999999986
92.799999999999,0.999999999999987
92.899999999999,0.999999999999988
92.999999999999,0.999999999999988
93.099999999999,0.999999999999989
93.199999999999,0.999999999999989
93.299999999999,0.99999999999999
93.399999999999,0.99999999999999
93.499999999999,0.999999999999991
93.599999999999,0.999999999999991
93.699999999999,0.999999999999992
93.7999999999989,0.999999999999992
93.8999999999989,0.999999999999992
93.9999999999989,0.999999999999993
94.0999999999989,0.999999999999993
94.1999999999989,0.999999999999993
94.2999999999989,0.999999999999994
94.3999999999989,0.999999999999994
94.4999999999989,0.999999999999994
94.5999999999989,0.999999999999994
94.6999999999989,0.999999999999995
94.7999999999989,0.999999999999995
94.8999999999989,0.999999999999995
94.9999999999989,0.999999999999995
95.0999999999989,0.999999999999996
95.1999999999989,0.999999999999996
95.2999999999989,0.999999999999996
95.3999999999989,0.999999999999996
95.4999999999988,0.999999999999996
95.5999999999988,0.999999999999996
95.6999999999988,0.999999999999996
95.7999999999988,0.999999999999996
95.8999999999988,0.999999999999997
95.9999999999988,0.999999999999997
96.0999999999988,0.999999999999997
96.1999999999988,0.999999999999997
96.2999999999988,0.999999999999997
96.3999999999988,0.999999999999997
96.4999999999988,0.999999999999997
96.5999999999988,0.999999999999997
96.6999999999988,0.999999999999997
96.7999999999988,0.999999999999998
96.8999999999988,0.999999999999998
96.9999999999988,0.999999999999998
97.0999999999988,0.999999999999998
97.1999999999988,0.999999999999998
97.2999999999987,0.999999999999998
97.3999999999987,0.999999999999998
97.4999999999987,0.999999999999998
97.5999999999987,0.999999999999998
97.6999999999987,0.999999999999998
97.7999999999987,0.999999999999998
97.8999999999987,0.999999999999998
97.9999999999987,0.999999999999998
98.0999999999987,0.999999999999998
98.1999999999987,0.999999999999998
98.2999999999987,0.999999999999998
98.3999999999987,0.999999999999998
98.4999999999987,0.999999999999998
98.5999999999987,0.999999999999998
98.6999999999987,0.999999999999998
98.7999999999987,0.999999999999998
98.8999999999987,0.999999999999998
98.9999999999986,0.999999999999998
99.0999999999986,0.999999999999998
99.1999999999986,0.999999999999998
99.2999999999986,0.999999999999998
99.3999999999986,0.999999999999998
99.4999999999986,0.999999999999998
99.5999999999986,0.999999999999998
99.6999999999986,0.999999999999998
99.7999999999986,0.999999999999998
99.8999999999986,0.999999999999998
99.9999999999986,0.999999999999998
100.099999999999,0.999999999999998
100.199999999999,0.999999999999998
100.299999999999,0.999999999999998
100.399999999999,0.999999999999998
100.499999999999,0.999999999999998
100.599999999999,0.999999999999998
100.699999999999,0.999999999999998
100.799999999999,0.999999999999998
100.899999999999,0.999999999999998
100.999999999999,0.999999999999998
101.099999999999,0.999999999999998
101.199999999999,0.999999999999998
101.299999999999,0.999999999999998
101.399999999999,0.999999999999998
101.499999999999,0.999999999999998
101.599999999999,0.999999999999998
101.699999999998,0.999999999999998
101.799999999998,0.999999999999998
101.899999999998,0.999999999999998
101.999999999998,0.999999999999998
102.099999999998,0.999999999999998
102.199999999998,0.999999999999998
102.299999999998,0.999999999999998
102.399999999998,0.999999999999998
102.499999999998,0.999999999999998
102.599999999998,0.999999999999998
102.699999999998,0.999999999999998
102.799999999998,0.999999999999998
102.899999999998,0.999999999999998
102.999999999998,0.999999999999998
103.099999999998,0.999999999999998
103.199999999998,0.999999999999998
103.299999999998,0.999999999999998
103.399999999998,0.999999999999998
103.499999999998,0.999999999999998
103.599999999998,0.999999999999998
103.699999999998,0.999999999999998
103.799999999998,0.999999999999998
103.899999999998,0.999999999999998
103.999999999998,0.999999999999998
104.099999999998,0.999999999999998
104.199999999998,0.999999999999998
104.299999999998,0.999999999999998
104.399999999998,0.999999999999998
104.499999999998,0.999999999999998
104.599999999998,0.999999999999998
104.699999999998,0.999999999999998
104.799999999998,0.999999999999998
104.899999999998,0.999999999999998
104.999999999998,0.999999999999998
105.099999999998,0.999999999999998
105.199999999998,0.999999999999998
105.299999999998,0.999999999999998
105.399999999998,0.999999999999998
105.499999999998,0.999999999999998
105.599999999998,0.999999999999998
105.699999999998,0.999999999999998
105.799999999998,0.999999999999998
105.899999999998,0.999999999999998
105.999999999998,0.999999999999998
106.099999999998,0.999999999999998
106.199999999998,0.999999999999998
106.299999999998,0.999999999999998
106.399999999998,0.999999999999998
106.499999999998,0.999999999999998
106.599999999998,0.999999999999998
106.699999999998,0.999999999999998
106.799999999998,0.999999999999998
106.899999999998,0.999999999999998
106.999999999998,0.999999999999998
107.099999999998,0.999999999999998
107.199999999998,0.999999999999998
107.299999999998,0.999999999999998
107.399999999998,0.999999999999998
107.499999999998,0.999999999999998
107.599999999998,0.999999999999998
107.699999999998,0.999999999999998
107.799999999998,0.999999999999998
107.899999999998,0.999999999999998
107.999999999998,0.999999999999998
108.099999999998,0.999999999999998
108.199999999998,0.999999999999998
108.299999999998,0.999999999999998
108.399999999998,0.999999999999998
108.499999999998,0.999999999999998
108.599999999998,0.999999999999998
108.699999999998,0.999999999999998
108.799999999998,0.999999999999998
108.899999999998,0.999999999999998
108.999999999998,0.999999999999998
109.099999999998,0.999999999999998
109.199999999998,0.999999999999998
109.299999999998,0.999999999999998
109.399999999998,0.999999999999998
109.499999999998,0.999999999999998
109.599999999998,0.999999999999998
109.699999999998,0.999999999999998
109.799999999998,0.999999999999998
109.899999999998,0.999999999999998
109.999999999998,0.999999999999998
110.099999999998,0.999999999999998
110.199999999998,0.999999999999998
110.299999999998,0.999999999999998
110.399999999998,0.999999999999998
110.499999999998,0.999999999999998
110.599999999998,0.999999999999998
110.699999999998,0.999999999999998
110.799999999998,0.999999999999998
110.899999999998,0.999999999999998
110.999999999998,0.999999999999998
111.099999999998,0.999999999999998
111.199999999998,0.999999999999998
111.299999999998,0.999999999999998
111.399999999998,0.999999999999998
111.499999999998,0.999999999999998
111.599999999998,0.999999999999998
111.699999999998,0.999999999999998
111.799999999998,0.999999999999998
111.899999999998,0.999999999999998
111.999999999998,0.999999999999998
112.099999999998,0.999999999999998
112.199999999998,0.999999999999998
112.299999999998,0.999999999999998
112.399999999998,0.999999999999998
112.499999999998,0.999999999999998
112.599999999998,0.999999999999998
112.699999999998,0.999999999999998
112.799999999998,0.999999999999998
112.899999999998,0.999999999999998
112.999999999998,0.999999999999998
113.099999999998,0.999999999999998
113.199999999998,0.999999999999998
113.299999999998,0.999999999999998
113.399999999998,0.999999999999998
113.499999999998,0.999999999999998
113.599999999998,0.999999999999998
113.699999999998,0.999999999999998
113.799999999998,0.999999999999998
113.899999999998,0.999999999999998
113.999999999998,0.999999999999998
114.099999999998,0.999999999999998
114.199999999998,0.999999999999998
114.299999999998,0.999999999999998
114.399999999998,0.999999999999998
114.499999999998,0.999999999999998
114.599999999998,0.999999999999998
114.699999999998,0.999999999999998
114.799999999998,0.999999999999998
114.899999999998,0.999999999999998
114.999999999998,0.999999999999998
115.099999999998,0.999999999999998
115.199999999998,0.999999999999998
115.299999999998,0.999999999999998
115.399999999998,0.999999999999998
115.499999999998,0.999999999999998
115.599999999998,0.999999999999998
115.699999999998,0.999999999999998
115.799999999998,0.999999999999998
115.899999999998,0.999999999999998
115.999999999998,0.999999999999998
116.099999999998,0.999999999999998
116.199999999998,0.999999999999998
116.299999999998,0.999999999999998
116.399999999998,0.999999999999998
116.499999999998,0.999999999999998
116.599999999998,0.999999999999998
116.699999999998,0.999999999999998
116.799999999998,0.999999999999998
116.899999999998,0.999999999999998
116.999999999998,0.999999999999998
117.099999999998,0.999999999999998
117.199999999998,0.999999999999998
117.299999999998,0.999999999999998
117.399999999998,0.999999999999998
117.499999999998,0.999999999999998
117.599999999998,0.999999999999998
117.699999999998,0.999999999999998
117.799999999998,0.999999999999998
117.899999999998,0.999999999999998
117.999999999998,0.999999999999998
118.099999999998,0.999999999999998
118.199999999998,0.999999999999998
118.299999999998,0.999999999999998
118.399999999998,0.999999999999998
118.499999999998,0.999999999999998
118.599999999998,0.999999999999998
118.699999999998,0.999999999999998
118.799999999998,0.999999999999998
118.899999999998,0.999999999999998
118.999999999998,0.999999999999998
119.099999999998,0.999999999999998
119.199999999998,0.999999999999998
119.299999999997,0.999999999999998
119.399999999997,0.999999999999998
119.499999999997,0.999999999999998
119.599999999997,0.999999999999998
119.699999999997,0.999999999999998
119.799999999997,0.999999999999998
119.899999999997,0.999999999999998
119.999999999997,0.999999999999998
120.099999999997,0.999999999999998
120.199999999997,0.999999999999998
120.299999999997,0.999999999999998
120.399999999997,0.999999999999998
120.499999999997,0.999999999999998
120.599999999997,0.999999999999998
120.699999999997,0.999999999999998
120.799999999997,0.999999999999998
120.899999999997,0.999999999999998
120.999999999997,0.999999999999998
121.099999999997,0.999999999999998
121.199999999997,0.999999999999998
121.299999999997,0.999999999999998
121.399999999997,0.999999999999998
121.499999999997,0.999999999999998
121.599999999997,0.999999999999998
121.699999999997,0.999999999999998
121.799999999997,0.999999999999998
121.899999999997,0.999999999999998
121.999999999997,0.999999999999998
122.099999999997,0.999999999999998
122.199999999997,0.999999999999998
122.299999999997,0.999999999999998
122.399999999997,0.999999999999998
122.499999999997,0.999999999999998
122.599999999997,0.999999999999998
122.699999999997,0.999999999999998
122.799999999997,0.999999999999998
122.899999999997,0.999999999999998
122.999999999997,0.999999999999998
123.099999999997,0.999999999999998
123.199999999997,0.999999999999998
123.299999999997,0.999999999999998
123.399999999997,0.999999999999998
123.499999999997,0.999999999999998
123.599999999997,0.999999999999998
123.699999999997,0.999999999999998
123.799999999997,0.999999999999998
123.899999999997,0.999999999999998
123.999999999997,0.999999999999998
124.099999999997,0.999999999999998
124.199999999997,0.999999999999998
124.299999999997,0.999999999999998
124.399999999997,0.999999999999998
124.499999999997,0.999999999999998
124.599999999997,0.999999999999998
124.699999999997,0.999999999999998
124.799999999997,0.999999999999998
124.899999999997,0.999999999999998
124.999999999997,0.999999999999998
125.099999999997,0.999999999999998
125.199999999997,0.999999999999998
125.299999999997,0.999999999999998
125.399999999997,0.999999999999998
125.499999999997,0.999999999999998
125.599999999997,0.999999999999998
125.699999999997,0.999999999999998
125.799999999997,0.999999999999998
125.899999999997,0.999999999999998
125.999999999997,0.999999999999998
126.099999999997,0.999999999999998
126.199999999997,0.999999999999998
126.299999999997,0.999999999999998
126.399999999997,0.999999999999998
126.499999999997,0.999999999999998
126.599999999997,0.999999999999998
126.699999999997,0.999999999999998
126.799999999997,0.999999999999998
126.899999999997,0.999999999999998
126.999999999997,0.999999999999998
127.099999999997,0.999999999999998
127.199999999997,0.999999999999998
127.299999999997,0.999999999999998
127.399999999997,0.999999999999998
127.499999999997,0.999999999999998
127.599999999997,0.999999999999998
127.699999999997,0.999999999999998
127.799999999997,0.999999999999998
127.899999999997,0.999999999999998
127.999999999997,0.999999999999998
128.099999999997,0.999999999999998
128.199999999997,0.999999999999998
128.299999999997,0.999999999999998
128.399999999997,0.999999999999998
128.499999999997,0.999999999999998
128.599999999997,0.999999999999998
128.699999999997,0.999999999999998
128.799999999997,0.999999999999998
128.899999999997,0.999999999999998
128.999999999997,0.999999999999998
129.099999999997,0.999999999999998
129.199999999997,0.999999999999998
129.299999999997,0.999999999999998
129.399999999997,0.999999999999998
129.499999999997,0.999999999999998
129.599999999997,0.999999999999998
129.699999999997,0.999999999999998
129.799999999997,0.999999999999998
129.899999999997,0.999999999999998
129.999999999997,0.999999999999998
130.099999999997,0.999999999999998
130.199999999997,0.999999999999998
130.299999999997,0.999999999999998
130.399999999997,0.999999999999998
130.499999999997,0.999999999999998
130.599999999997,0.999999999999998
130.699999999997,0.999999999999998
130.799999999997,0.999999999999998
130.899999999997,0.999999999999998
130.999999999997,0.999999999999998
131.099999999997,0.999999999999998
131.199999999997,0.999999999999998
131.299999999997,0.999999999999998
131.399999999997,0.999999999999998
131.499999999997,0.999999999999998
131.599999999997,0.999999999999998
131.699999999997,0.999999999999998
131.799999999997,0.999999999999998
131.899999999997,0.999999999999998
131.999999999997,0.999999999999998
132.099999999997,0.999999999999998
132.199999999997,0.999999999999998
132.299999999997,0.999999999999998
132.399999999997,0.999999999999998
132.499999999997,0.999999999999998
132.599999999997,0.999999999999998
132.699999999997,0.999999999999998
132.799999999997,0.999999999999998
132.899999999997,0.999999999999998
132.999999999997,0.999999999999998
133.099999999997,0.999999999999998
133.199999999997,0.999999999999998
133.299999999997,0.999999999999998
133.399999999997,0.999999999999998
133.499999999997,0.999999999999998
133.599999999997,0.999999999999998
133.699999999997,0.999999999999998
133.799999999997,0.999999999999998
133.899999999997,0.999999999999998
133.999999999997,0.999999999999998
134.099999999997,0.999999999999998
134.199999999997,0.999999999999998
134.299999999997,0.999999999999998
134.399999999997,0.999999999999998
134.499999999997,0.999999999999998
134.599999999997,0.999999999999998
134.699999999997,0.999999999999998
134.799999999997,0.999999999999998
134.899999999997,0.999999999999998
134.999999999997,0.999999999999998
135.099999999997,0.999999999999998
135.199999999997,0.999999999999998
135.299999999997,0.999999999999998
135.399999999997,0.999999999999998
135.499999999997,0.999999999999998
135.599999999997,0.999999999999998
135.699999999997,0.999999999999998
135.799999999997,0.999999999999998
135.899999999997,0.999999999999998
135.999999999997,0.999999999999998
136.099999999997,0.999999999999998
136.199999999997,0.999999999999998
136.299999999997,0.999999999999998
136.399999999997,0.999999999999998
136.499999999997,0.999999999999998
136.599999999997,0.999999999999998
136.699999999997,0.999999999999998
136.799999999997,0.999999999999998
136.899999999997,0.999999999999998
136.999999999997,0.999999999999998
137.099999999996,0.999999999999998
137.199999999996,0.999999999999998
137.299999999996,0.999999999999998
137.399999999996,0.999999999999998
137.499999999996,0.999999999999998
137.599999999996,0.999999999999998
137.699999999996,0.999999999999998
137.799999999996,0.999999999999998
137.899999999996,0.999999999999998
137.999999999996,0.999999999999998
138.099999999996,0.999999999999998
138.199999999996,0.999999999999998
138.299999999996,0.999999999999998
138.399999999996,0.999999999999998
138.499999999996,0.999999999999998
138.599999999996,0.999999999999998
138.699999999996,0.999999999999998
138.799999999996,0.999999999999998
138.899999999996,0.999999999999998
138.999999999996,0.999999999999998
139.099999999996,0.999999999999998
139.199999999996,0.999999999999998
139.299999999996,0.999999999999998
139.399999999996,0.999999999999998
139.499999999996,0.999999999999998
139.599999999996,0.999999999999998
139.699999999996,0.999999999999998
139.799999999996,0.999999999999998
139.899999999996,0.999999999999998
139.999999999996,0.999999999999998
140.099999999996,0.999999999999998
140.199999999996,0.999999999999998
140.299999999996,0.999999999999998
140.399999999996,0.999999999999998
140.499999999996,0.999999999999998
140.599999999996,0.999999999999998
140.699999999996,0.999999999999998
140.799999999996,0.999999999999998
140.899999999996,0.999999999999998
140.999999999996,0.999999999999998
141.099999999996,0.999999999999998
141.199999999996,0.999999999999998
141.299999999996,0.999999999999998
141.399999999996,0.999999999999998
141.499999999996,0.999999999999998
141.599999999996,0.999999999999998
141.699999999996,0.999999999999998
141.799999999996,0.999999999999998
141.899999999996,0.999999999999998
141.999999999996,0.999999999999998
142.099999999996,0.999999999999998
142.199999999996,0.999999999999998
142.299999999996,0.999999999999998
142.399999999996,0.999999999999998
142.499999999996,0.999999999999998
142.599999999996,0.999999999999998
142.699999999996,0.999999999999998
142.799999999996,0.999999999999998
142.899999999996,0.999999999999998
142.999999999996,0.999999999999998
143.099999999996,0.999999999999998
143.199999999996,0.999999999999998
143.299999999996,0.999999999999998
143.399999999996,0.999999999999998
143.499999999996,0.999999999999998
143.599999999996,0.999999999999998
143.699999999996,0.999999999999998
143.799999999996,0.999999999999998
143.899999999996,0.999999999999998
143.999999999996,0.999999999999998
144.099999999996,0.999999999999998
144.199999999996,0.999999999999998
144.299999999996,0.999999999999998
144.399999999996,0.999999999999998
144.499999999996,0.999999999999998
144.599999999996,0.999999999999998
144.699999999996,0.999999999999998
144.799999999996,0.999999999999998
144.899999999996,0.999999999999998
144.999999999996,0.999999999999998
145.099999999996,0.999999999999998
145.199999999996,0.999999999999998
145.299999999996,0.999999999999998
145.399999999996,0.999999999999998
145.499999999996,0.999999999999998
145.599999999996,0.999999999999998
145.699999999996,0.999999999999998
145.799999999996,0.999999999999998
145.899999999996,0.999999999999998
145.999999999996,0.999999999999998
146.099999999996,0.999999999999998
146.199999999996,0.999999999999998
146.299999999996,0.999999999999998
146.399999999996,0.999999999999998
146.499999999996,0.999999999999998
146.599999999996,0.999999999999998
146.699999999996,0.999999999999998
146.799999999996,0.999999999999998
146.899999999996,0.999999999999998
146.999999999996,0.999999999999998
147.099999999996,0.999999999999998
147.199999999996,0.999999999999998
147.299999999996,0.999999999999998
147.399999999996,0.999999999999998
147.499999999996,0.999999999999998
147.599999999996,0.999999999999998
147.699999999996,0.999999999999998
147.799999999996,0.999999999999998
147.899999999996,0.999999999999998
147.999999999996,0.999999999999998
148.099999999996,0.999999999999998
148.199999999996,0.999999999999998
148.299999999996,0.999999999999998
148.399999999996,0.999999999999998
148.499999999996,0.999999999999998
148.599999999996,0.999999999999998
148.699999999996,0.999999999999998
148.799999999996,0.999999999999998
148.899999999996,0.999999999999998
148.999999999996,0.999999999999998
149.099999999996,0.999999999999998
149.199999999996,0.999999999999998
149.299999999996,0.999999999999998
149.399999999996,0.999999999999998
149.499999999996,0.999999999999998
149.599999999996,0.999999999999998
149.699999999996,0.999999999999998
149.799999999996,0.999999999999998
149.899999999996,0.999999999999998
149.999999999996,0.999999999999998
150.099999999996,0.999999999999998
150.199999999996,0.999999999999998
150.299999999996,0.999999999999998
150.399999999996,0.999999999999998
150.499999999996,0.999999999999998
150.599999999996,0.999999999999998
150.699999999996,0.999999999999998
150.799999999996,0.999999999999998
150.899999999996,0.999999999999998
150.999999999996,0.999999999999998
151.099999999996,0.999999999999998
151.199999999996,0.999999999999998
151.299999999996,0.999999999999998
151.399999999996,0.999999999999998
151.499999999996,0.999999999999998
151.599999999996,0.999999999999998
151.699999999996,0.999999999999998
151.799999999996,0.999999999999998
151.899999999996,0.999999999999998
151.999999999996,0.999999999999998
152.099999999996,0.999999999999998
152.199999999996,0.999999999999998
152.299999999996,0.999999999999998
152.399999999996,0.999999999999998
152.499999999996,0.999999999999998
152.599999999996,0.999999999999998
152.699999999996,0.999999999999998
152.799999999996,0.999999999999998
152.899999999996,0.999999999999998
152.999999999996,0.999999999999998
153.099999999996,0.999999999999998
153.199999999996,0.999999999999998
153.299999999996,0.999999999999998
153.399999999996,0.999999999999998
153.499999999996,0.999999999999998
153.599999999996,0.999999999999998
153.699999999996,0.999999999999998
153.799999999996,0.999999999999998
153.899999999996,0.999999999999998
153.999999999996,0.999999999999998
154.099999999996,0.999999999999998
154.199999999996,0.999999999999998
154.299999999996,0.999999999999998
154.399999999996,0.999999999999998
154.499999999996,0.999999999999998
154.599999999996,0.999999999999998
154.699999999995,0.999999999999998
154.799999999995,0.999999999999998
154.899999999995,0.999999999999998
154.999999999995,0.999999999999998
155.099999999995,0.999999999999998
155.199999999995,0.999999999999998
155.299999999995,0.999999999999998
155.399999999995,0.999999999999998
155.499999999995,0.999999999999998
155.599999999995,0.999999999999998
155.699999999995,0.999999999999998
155.799999999995,0.999999999999998
155.899999999995,0.999999999999998
155.999999999995,0.999999999999998
156.099999999995,0.999999999999998
156.199999999995,0.999999999999998
156.299999999995,0.999999999999998
156.399999999995,0.999999999999998
156.499999999995,0.999999999999998
156.599999999995,0.999999999999998
156.699999999995,0.999999999999998
156.799999999995,0.999999999999998
156.899999999995,0.999999999999998
156.999999999995,0.999999999999998
157.099999999995,0.999999999999998
157.199999999995,0.999999999999998
157.299999999995,0.999999999999998
157.399999999995,0.999999999999998
157.499999999995,NaN
157.599999999995,NaN
157.699999999995,NaN
157.799999999995,NaN
157.899999999995,NaN
157.999999999995,NaN
158.099999999995,NaN
158.199999999995,NaN
158.299999999995,NaN
158.399999999995,NaN
158.499999999995,NaN
158.599999999995,NaN
158.699999999995,NaN
158.799999999995,NaN
158.899999999995,NaN
158.999999999995,NaN
159.099999999995,NaN
159.199999999995,NaN
159.299999999995,NaN
159.399999999995,NaN
159.499999999995,NaN
159.599999999995,NaN
159.699999999995,NaN
159.799999999995,NaN
159.899999999995,NaN
159.999999999995,NaN
160.099999999995,NaN
160.199999999995,NaN
160.299999999995,NaN
160.399999999995,NaN
160.499999999995,NaN
160.599999999995,NaN
160.699999999995,NaN
160.799999999995,NaN
160.899999999995,NaN
160.999999999995,NaN
161.099999999995,NaN
161.199999999995,NaN
161.299999999995,NaN
161.399999999995,NaN
161.499999999995,NaN
161.599999999995,NaN
161.699999999995,NaN
161.799999999995,NaN
161.899999999995,NaN
161.999999999995,NaN
162.099999999995,NaN
162.199999999995,NaN
162.299999999995,NaN
162.399999999995,NaN
162.499999999995,NaN
162.599999999995,NaN
162.699999999995,NaN
162.799999999995,NaN
162.899999999995,NaN
162.999999999995,NaN
163.099999999995,NaN
163.199999999995,NaN
163.299999999995,NaN
163.399999999995,NaN
163.499999999995,NaN
163.599999999995,NaN
163.699999999995,NaN
163.799999999995,NaN
163.899999999995,NaN
163.999999999995,NaN
164.099999999995,NaN
164.199999999995,NaN
164.299999999995,NaN
164.399999999995,NaN
164.499999999995,NaN
164.599999999995,NaN
164.699999999995,NaN
164.799999999995,NaN
164.899999999995,NaN
164.999999999995,NaN
165.099999999995,NaN
165.199999999995,NaN
165.299999999995,NaN
165.399999999995,NaN
165.499999999995,NaN
165.599999999995,NaN
165.699999999995,NaN
165.799999999995,NaN
165.899999999995,NaN
165.999999999995,NaN
166.099999999995,NaN
166.199999999995,NaN
166.299999999995,NaN
166.399999999995,NaN
166.499999999995,NaN
166.599999999995,NaN
166.699999999995,NaN
166.799999999995,NaN
166.899999999995,NaN
166.999999999995,NaN
167.099999999995,NaN
167.199999999995,NaN
167.299999999995,NaN
167.399999999995,NaN
167.499999999995,NaN
167.599999999995,NaN
167.699999999995,NaN
167.799999999995,NaN
167.899999999995,NaN
167.999999999995,NaN
168.099999999995,NaN
168.199999999995,NaN
168.299999999995,NaN
168.399999999995,NaN
168.499999999995,NaN
168.599999999995,NaN
168.699999999995,NaN
168.799999999995,NaN
168.899999999995,NaN
168.999999999995,NaN
169.099999999995,NaN
169.199999999995,NaN
169.299999999995,NaN
169.399999999995,NaN
169.499999999995,NaN
169.599999999995,NaN
169.699999999995,NaN
169.799999999995,NaN
169.899999999995,NaN
169.999999999995,NaN
170.099999999995,NaN
170.199999999995,NaN
170.299999999995,NaN
170.399999999995,NaN
170.499999999995,NaN
170.599999999995,NaN
170.699999999995,NaN
170.799999999995,NaN
170.899999999995,NaN
170.999999999995,NaN
171.099999999995,NaN
171.199999999995,NaN
171.299999999995,NaN
171.399999999995,NaN
171.499999999995,NaN
171.599999999995,NaN
171.699999999995,NaN
171.799999999995,NaN
171.899999999995,NaN
171.999999999995,NaN
172.099999999995,NaN
172.199999999995,NaN
172.299999999994,NaN
172.399999999994,NaN
172.499999999994,NaN
172.599999999994,NaN
172.699999999994,NaN
172.799999999994,NaN
172.899999999994,NaN
172.999999999994,NaN
173.099999999994,NaN
173.199999999994,NaN
173.299999999994,NaN
173.399999999994,NaN
173.499999999994,NaN
173.599999999994,NaN
173.699999999994,NaN
173.799999999994,NaN
173.899999999994,NaN
173.999999999994,NaN
174.099999999994,NaN
174.199999999994,NaN
174.299999999994,NaN
174.399999999994,NaN
174.499999999994,NaN
174.599999999994,NaN
174.699999999994,NaN
174.799999999994,NaN
174.899999999994,NaN
174.999999999994,NaN
175.099999999994,NaN
175.199999999994,NaN
175.299999999994,NaN
175.399999999994,NaN
175.499999999994,NaN
175.599999999994,NaN
175.699999999994,NaN
175.799999999994,NaN
175.899999999994,NaN
175.999999999994,NaN
176.099999999994,NaN
176.199999999994,NaN
176.299999999994,NaN
176.399999999994,NaN
176.499999999994,NaN
176.599999999994,NaN
176.699999999994,NaN
176.799999999994,NaN
176.899999999994,NaN
176.999999999994,NaN
177.099999999994,NaN
177.199999999994,NaN
177.299999999994,NaN
177.399999999994,NaN
177.499999999994,NaN
177.599999999994,NaN
177.699999999994,NaN
177.799999999994,NaN
177.899999999994,NaN
177.999999999994,NaN
178.099999999994,NaN
178.199999999994,NaN
178.299999999994,NaN
178.399999999994,NaN
178.499999999994,NaN
178.599999999994,NaN
178.699999999994,NaN
178.799999999994,NaN
178.899999999994,NaN
178.999999999994,NaN
179.099999999994,NaN
179.199999999994,NaN
179.299999999994,NaN
179.399999999994,NaN
179.499999999994,NaN
179.599999999994,NaN
179.699999999994,NaN
179.799999999994,NaN
179.899999999994,NaN
179.999999999994,NaN
180.099999999994,NaN
180.199999999994,NaN
180.299999999994,NaN
180.399999999994,NaN
180.499999999994,NaN
180.599999999994,NaN
180.699999999994,NaN
180.799999999994,NaN
180.899999999994,NaN
180.999999999994,NaN
181.099999999994,NaN
181.199999999994,NaN
181.299999999994,NaN
181.399999999994,NaN
181.499999999994,NaN
181.599999999994,NaN
181.699999999994,NaN
181.799999999994,NaN
181.899999999994,NaN
181.999999999994,NaN
182.099999999994,NaN
182.199999999994,NaN
182.299999999994,NaN
182.399999999994,NaN
182.499999999994,NaN
182.599999999994,NaN
182.699999999994,NaN
182.799999999994,NaN
182.899999999994,NaN
182.999999999994,NaN
183.099999999994,NaN
183.199999999994,NaN
183.299999999994,NaN
183.399999999994,NaN
183.499999999994,NaN
183.599999999994,NaN
183.699999999994,NaN
183.799999999994,NaN
183.899999999994,NaN
183.999999999994,NaN
184.099999999994,NaN
184.199999999994,NaN
184.299999999994,NaN
184.399999999994,NaN
184.499999999994,NaN
184.599999999994,NaN
184.699999999994,NaN
184.799999999994,NaN
184.899999999994,NaN
184.999999999994,NaN
185.099999999994,NaN
185.199999999994,NaN
185.299999999994,NaN
185.399999999994,NaN
185.499999999994,NaN
185.599999999994,NaN
185.699999999994,NaN
185.799999999994,NaN
185.899999999994,NaN
185.999999999994,NaN
186.099999999994,NaN
186.199999999994,NaN
186.299999999994,NaN
186.399999999994,NaN
186.499999999994,NaN
186.599999999994,NaN
186.699999999994,NaN
186.799999999994,NaN
186.899999999994,NaN
186.999999999994,NaN
187.099999999994,NaN
187.199999999994,NaN
187.299999999994,NaN
187.399999999994,NaN
187.499999999994,NaN
187.599999999994,NaN
187.699999999994,NaN
187.799999999994,NaN
187.899999999994,NaN
187.999999999994,NaN
188.099999999994,NaN
188.199999999994,NaN
188.299999999994,NaN
188.399999999994,NaN
188.499999999994,NaN
188.599999999994,NaN
188.699999999994,NaN
188.799999999994,NaN
188.899999999994,NaN
188.999999999994,NaN
189.099999999994,NaN
189.199999999994,NaN
189.299999999994,NaN
189.399999999994,NaN
189.499999999994,NaN
189.599999999994,NaN
189.699999999994,NaN
189.799999999994,NaN
189.899999999993,NaN
189.999999999993,NaN
190.099999999993,NaN
190.199999999993,NaN
190.299999999993,NaN
190.399999999993,NaN
190.499999999993,NaN
190.599999999993,NaN
190.699999999993,NaN
190.799999999993,NaN
190.899999999993,NaN
190.999999999993,NaN
191.099999999993,NaN
191.199999999993,NaN
191.299999999993,NaN
191.399999999993,NaN
191.499999999993,NaN
191.599999999993,NaN
191.699999999993,NaN
191.799999999993,NaN
191.899999999993,NaN
191.999999999993,NaN
192.099999999993,NaN
192.199999999993,NaN
192.299999999993,NaN
192.399999999993,NaN
192.499999999993,NaN
192.599999999993,NaN
192.699999999993,NaN
192.799999999993,NaN
192.899999999993,NaN
192.999999999993,NaN
193.099999999993,NaN
193.199999999993,NaN
193.299999999993,NaN
193.399999999993,NaN
193.499999999993,NaN
193.599999999993,NaN
193.699999999993,NaN
193.799999999993,NaN
193.899999999993,NaN
193.999999999993,NaN
194.099999999993,NaN
194.199999999993,NaN
194.299999999993,NaN
194.399999999993,NaN
194.499999999993,NaN
194.599999999993,NaN
194.699999999993,NaN
194.799999999993,NaN
194.899999999993,NaN
194.999999999993,NaN
195.099999999993,NaN
195.199999999993,NaN
195.299999999993,NaN
195.399999999993,NaN
195.499999999993,NaN
195.599999999993,NaN
195.699999999993,NaN
195.799999999993,NaN
195.899999999993,NaN
195.999999999993,NaN
196.099999999993,NaN
196.199999999993,NaN
196.299999999993,NaN
196.399999999993,NaN
196.499999999993,NaN
196.599999999993,NaN
196.699999999993,NaN
196.799999999993,NaN
196.899999999993,NaN
196.999999999993,NaN
197.099999999993,NaN
197.199999999993,NaN
197.299999999993,NaN
197.399999999993,NaN
197.499999999993,NaN
197.599999999993,NaN
197.699999999993,NaN
197.799999999993,NaN
197.899999999993,NaN
197.999999999993,NaN
198.099999999993,NaN
198.199999999993,NaN
198.299999999993,NaN
198.399999999993,NaN
198.499999999993,NaN
198.599999999993,NaN
198.699999999993,NaN
198.799999999993,NaN
198.899999999993,NaN
198.999999999993,NaN
199.099999999993,NaN
199.199999999993,NaN
199.299999999993,NaN
199.399999999993,NaN
199.499999999993,NaN
199.599999999993,NaN
199.699999999993,NaN
199.799999999993,NaN
199.899999999993,NaN
199.999999999993,NaN
200.099999999993,NaN
200.199999999993,NaN
200.299999999993,NaN
200.399999999993,NaN
200.499999999993,NaN
200.599999999993,NaN
200.699999999993,NaN
200.799999999993,NaN
200.899999999993,NaN
200.999999999993,NaN
201.099999999993,NaN
201.199999999993,NaN
201.299999999993,NaN
201.399999999993,NaN
201.499999999993,NaN
201.599999999993,NaN
201.699999999993,NaN
201.799999999993,NaN
201.899999999993,NaN
201.999999999993,NaN
202.099999999993,NaN
202.199999999993,NaN
202.299999999993,NaN
202.399999999993,NaN
202.499999999993,NaN
202.599999999993,NaN
202.699999999993,NaN
202.799999999993,NaN
202.899999999993,NaN
202.999999999993,NaN
203.099999999993,NaN
203.199999999993,NaN
203.299999999993,NaN
203.399999999993,NaN
203.499999999993,NaN
203.599999999993,NaN
203.699999999993,NaN
203.799999999993,NaN
203.899999999993,NaN
203.999999999993,NaN
204.099999999993,NaN
204.199999999993,NaN
204.299999999993,NaN
204.399999999993,NaN
204.499999999993,NaN
204.599999999993,NaN
204.699999999993,NaN
204.799999999993,NaN
204.899999999993,NaN
204.999999999993,NaN
205.099999999993,NaN
205.199999999993,NaN
205.299999999993,NaN
205.399999999993,NaN
205.499999999993,NaN
205.599999999993,NaN
205.699999999993,NaN
205.799999999993,NaN
205.899999999993,NaN
205.999999999993,NaN
206.099999999993,NaN
206.199999999993,NaN
206.299999999993,NaN
206.399999999993,NaN
206.499999999993,NaN
206.599999999993,NaN
206.699999999993,NaN
206.799999999993,NaN
206.899999999993,NaN
206.999999999993,NaN
207.099999999993,NaN
207.199999999993,NaN
207.299999999993,NaN
207.399999999993,NaN
207.499999999992,NaN
207.599999999992,NaN
207.699999999992,NaN
207.799999999992,NaN
207.899999999992,NaN
207.999999999992,NaN
208.099999999992,NaN
208.199999999992,NaN
208.299999999992,NaN
208.399999999992,NaN
208.499999999992,NaN
208.599999999992,NaN
208.699999999992,NaN
208.799999999992,NaN
208.899999999992,NaN
208.999999999992,NaN
209.099999999992,NaN
209.199999999992,NaN
209.299999999992,NaN
209.399999999992,NaN
209.499999999992,NaN
209.599999999992,NaN
209.699999999992,NaN
209.799999999992,NaN
209.899999999992,NaN
209.999999999992,NaN
210.099999999992,NaN
210.199999999992,NaN
210.299999999992,NaN
210.399999999992,NaN
210.499999999992,NaN
210.599999999992,NaN
210.699999999992,NaN
210.799999999992,NaN
210.899999999992,NaN
210.999999999992,NaN
211.099999999992,NaN
211.199999999992,NaN
211.299999999992,NaN
211.399999999992,NaN
211.499999999992,NaN
211.599999999992,NaN
211.699999999992,NaN
211.799999999992,NaN
211.899999999992,NaN
211.999999999992,NaN
212.099999999992,NaN
212.199999999992,NaN
212.299999999992,NaN
212.399999999992,NaN
212.499999999992,NaN
212.599999999992,NaN
212.699999999992,NaN
212.799999999992,NaN
212.899999999992,NaN
212.999999999992,NaN
213.099999999992,NaN
213.199999999992,NaN
213.299999999992,NaN
213.399999999992,NaN
213.499999999992,NaN
213.599999999992,NaN
213.699999999992,NaN
213.799999999992,NaN
213.899999999992,NaN
213.999999999992,NaN
214.099999999992,NaN
214.199999999992,NaN
214.299999999992,NaN
214.399999999992,NaN
214.499999999992,NaN
214.599999999992,NaN
214.699999999992,NaN
214.799999999992,NaN
214.899999999992,NaN
214.999999999992,NaN
215.099999999992,NaN
215.199999999992,NaN
215.299999999992,NaN
215.399999999992,NaN
215.499999999992,NaN
215.599999999992,NaN
215.699999999992,NaN
215.799999999992,NaN
215.899999999992,NaN
215.999999999992,NaN
216.099999999992,NaN
216.199999999992,NaN
216.299999999992,NaN
216.399999999992,NaN
216.499999999992,NaN
216.599999999992,NaN
216.699999999992,NaN
216.799999999992,NaN
216.899999999992,NaN
216.999999999992,NaN
217.099999999992,NaN
217.199999999992,NaN
217.299999999992,NaN
217.399999999992,NaN
217.499999999992,NaN
217.599999999992,NaN
217.699999999992,NaN
217.799999999992,NaN
217.899999999992,NaN
217.999999999992,NaN
218.099999999992,NaN
218.199999999992,NaN
218.299999999992,NaN
218.399999999992,NaN
218.499999999992,NaN
218.599999999992,NaN
218.699999999992,NaN
218.799999999992,NaN
218.899999999992,NaN
218.999999999992,NaN
219.099999999992,NaN
219.199999999992,NaN
219.299999999992,NaN
219.399999999992,NaN
219.499999999992,NaN
219.599999999992,NaN
219.699999999992,NaN
219.799999999992,NaN
219.899999999992,NaN
219.999999999992,NaN
220.099999999992,NaN
220.199999999992,NaN
220.299999999992,NaN
220.399999999992,NaN
220.499999999992,NaN
220.599999999992,NaN
220.699999999992,NaN
220.799999999992,NaN
220.899999999992,NaN
220.999999999992,NaN
221.099999999992,NaN
221.199999999992,NaN
221.299999999992,NaN
221.399999999992,NaN
221.499999999992,NaN
221.599999999992,NaN
221.699999999992,NaN
221.799999999992,NaN
221.899999999992,NaN
221.999999999992,NaN
222.099999999992,NaN
222.199999999992,NaN
222.299999999992,NaN
222.399999999992,NaN
222.499999999992,NaN
222.599999999992,NaN
222.699999999992,NaN
222.799999999992,NaN
222.899999999992,NaN
222.999999999992,NaN
223.099999999992,NaN
223.199999999992,NaN
223.299999999992,NaN
223.399999999992,NaN
223.499999999992,NaN
223.599999999992,NaN
223.699999999992,NaN
223.799999999992,NaN
223.899999999992,NaN
223.999999999992,NaN
224.099999999992,NaN
224.199999999992,NaN
224.299999999992,NaN
224.399999999992,NaN
224.499999999992,NaN
224.599999999992,NaN
224.699999999992,NaN
224.799999999992,NaN
224.899999999992,NaN
224.999999999992,NaN
225.099999999991,NaN
225.199999999991,NaN
225.299999999991,NaN
225.399999999991,NaN
225.499999999991,NaN
225.599999999991,NaN
225.699999999991,NaN
225.799999999991,NaN
225.899999999991,NaN
225.999999999991,NaN
226.099999999991,NaN
226.199999999991,NaN
226.299999999991,NaN
226.399999999991,NaN
226.499999999991,NaN
226.599999999991,NaN
226.699999999991,NaN
226.799999999991,NaN
226.899999999991,NaN
226.999999999991,NaN
227.099999999991,NaN
227.199999999991,NaN
227.299999999991,NaN
227.399999999991,NaN
227.499999999991,NaN
227.599999999991,NaN
227.699999999991,NaN
227.799999999991,NaN
227.899999999991,NaN
227.999999999991,NaN
228.099999999991,NaN
228.199999999991,NaN
228.299999999991,NaN
228.399999999991,NaN
228.499999999991,NaN
228.599999999991,NaN
228.699999999991,NaN
228.799999999991,NaN
228.899999999991,NaN
228.999999999991,NaN
229.099999999991,NaN
229.199999999991,NaN
229.299999999991,NaN
229.399999999991,NaN
229.499999999991,NaN
229.599999999991,NaN
229.699999999991,NaN
229.799999999991,NaN
229.899999999991,NaN
229.999999999991,NaN
230.099999999991,NaN
230.199999999991,NaN
230.299999999991,NaN
230.399999999991,NaN
230.499999999991,NaN
230.599999999991,NaN
230.699999999991,NaN
230.799999999991,NaN
230.899999999991,NaN
230.999999999991,NaN
231.099999999991,NaN
231.199999999991,NaN
231.299999999991,NaN
231.399999999991,NaN
231.499999999991,NaN
231.599999999991,NaN
231.699999999991,NaN
231.799999999991,NaN
231.899999999991,NaN
231.999999999991,NaN
232.099999999991,NaN
232.199999999991,NaN
232.299999999991,NaN
232.399999999991,NaN
232.499999999991,NaN
232.599999999991,NaN
232.699999999991,NaN
232.799999999991,NaN
232.899999999991,NaN
232.999999999991,NaN
233.099999999991,NaN
233.199999999991,NaN
233.299999999991,NaN
233.399999999991,NaN
233.499999999991,NaN
233.599999999991,NaN
233.699999999991,NaN
233.799999999991,NaN
233.899999999991,NaN
233.999999999991,NaN
234.099999999991,NaN
234.199999999991,NaN
234.299999999991,NaN
234.399999999991,NaN
234.499999999991,NaN
234.599999999991,NaN
234.699999999991,NaN
234.799999999991,NaN
234.899999999991,NaN
234.999999999991,NaN
235.099999999991,NaN
235.199999999991,NaN
235.299999999991,NaN
235.399999999991,NaN
235.499999999991,NaN
235.599999999991,NaN
235.699999999991,NaN
235.799999999991,NaN
235.899999999991,NaN
235.999999999991,NaN
236.099999999991,NaN
236.199999999991,NaN
236.299999999991,NaN
236.399999999991,NaN
236.499999999991,NaN
236.599999999991,NaN
236.699999999991,NaN
236.799999999991,NaN
236.899999999991,NaN
236.999999999991,NaN
237.099999999991,NaN
237.199999999991,NaN
237.299999999991,NaN
237.399999999991,NaN
237.499999999991,NaN
237.599999999991,NaN
237.699999999991,NaN
237.799999999991,NaN
237.899999999991,NaN
237.999999999991,NaN
238.099999999991,NaN
238.199999999991,NaN
238.299999999991,NaN
238.399999999991,NaN
238.499999999991,NaN
238.599999999991,NaN
238.699999999991,NaN
238.799999999991,NaN
238.899999999991,NaN
238.999999999991,NaN
239.099999999991,NaN
239.199999999991,NaN
239.299999999991,NaN
239.399999999991,NaN
239.499999999991,NaN
239.599999999991,NaN
239.699999999991,NaN
239.799999999991,NaN
239.899999999991,NaN
239.999999999991,NaN
240.099999999991,NaN
240.199999999991,NaN
240.299999999991,NaN
240.399999999991,NaN
240.499999999991,NaN
240.599999999991,NaN
240.699999999991,NaN
240.799999999991,NaN
240.899999999991,NaN
240.999999999991,NaN
241.099999999991,NaN
241.199999999991,NaN
241.299999999991,NaN
241.399999999991,NaN
241.499999999991,NaN
241.599999999991,NaN
241.699999999991,NaN
241.799999999991,NaN
241.899999999991,NaN
241.999999999991,NaN
242.099999999991,NaN
242.199999999991,NaN
242.299999999991,NaN
242.399999999991,NaN
242.499999999991,NaN
242.599999999991,NaN
242.69999999999,NaN
242.79999999999,NaN
242.89999999999,NaN
242.99999999999,NaN
243.09999999999,NaN
243.19999999999,NaN
243.29999999999,NaN
243.39999999999,NaN
243.49999999999,NaN
243.59999999999,NaN
243.69999999999,NaN
243.79999999999,NaN
243.89999999999,NaN
243.99999999999,NaN
244.09999999999,NaN
244.19999999999,NaN
244.29999999999,NaN
244.39999999999,NaN
244.49999999999,NaN
244.59999999999,NaN
244.69999999999,NaN
244.79999999999,NaN
244.89999999999,NaN
244.99999999999,NaN
245.09999999999,NaN
245.19999999999,NaN
245.29999999999,NaN
245.39999999999,NaN
245.49999999999,NaN
245.59999999999,NaN
245.69999999999,NaN
245.79999999999,NaN
245.89999999999,NaN
245.99999999999,NaN
246.09999999999,NaN
246.19999999999,NaN
246.29999999999,NaN
246.39999999999,NaN
246.49999999999,NaN
246.59999999999,NaN
246.69999999999,NaN
246.79999999999,NaN
246.89999999999,NaN
246.99999999999,NaN
247.09999999999,NaN
247.19999999999,NaN
247.29999999999,NaN
247.39999999999,NaN
247.49999999999,NaN
247.59999999999,NaN
247.69999999999,NaN
247.79999999999,NaN
247.89999999999,NaN
247.99999999999,NaN
248.09999999999,NaN
248.19999999999,NaN
248.29999999999,NaN
248.39999999999,NaN
248.49999999999,NaN
248.59999999999,NaN
248.69999999999,NaN
248.79999999999,NaN
248.89999999999,NaN
248.99999999999,NaN
249.09999999999,NaN
249.19999999999,NaN
249.29999999999,NaN
249.39999999999,NaN
249.49999999999,NaN
249.59999999999,NaN
249.69999999999,NaN
249.79999999999,NaN
249.89999999999,NaN
249.99999999999,NaN
250.09999999999,NaN
250.19999999999,NaN
250.29999999999,NaN
250.39999999999,NaN
250.49999999999,NaN
250.59999999999,NaN
250.69999999999,NaN
250.79999999999,NaN
250.89999999999,NaN
250.99999999999,NaN
251.09999999999,NaN
251.19999999999,NaN
251.29999999999,NaN
251.39999999999,NaN
251.49999999999,NaN
251.59999999999,NaN
251.69999999999,NaN
251.79999999999,NaN
251.89999999999,NaN
251.99999999999,NaN
252.09999999999,NaN
252.19999999999,NaN
252.29999999999,NaN
252.39999999999,NaN
252.49999999999,NaN
252.59999999999,NaN
252.69999999999,NaN
252.79999999999,NaN
252.89999999999,NaN
252.99999999999,NaN
253.09999999999,NaN
253.19999999999,NaN
253.29999999999,NaN
253.39999999999,NaN
253.49999999999,NaN
253.59999999999,NaN
253.69999999999,NaN
253.79999999999,NaN
253.89999999999,NaN
253.99999999999,NaN
254.09999999999,NaN
254.19999999999,NaN
254.29999999999,NaN
254.39999999999,NaN
254.49999999999,NaN
254.59999999999,NaN
254.69999999999,NaN
254.79999999999,NaN
254.89999999999,NaN
254.99999999999,NaN
255.09999999999,NaN
255.19999999999,NaN
255.29999999999,NaN
255.39999999999,NaN
255.49999999999,NaN
255.59999999999,NaN
255.69999999999,NaN
255.79999999999,NaN
255.89999999999,NaN
255.99999999999,NaN
256.09999999999,NaN
256.19999999999,NaN
256.29999999999,NaN
256.39999999999,NaN
256.49999999999,NaN
256.59999999999,NaN
256.69999999999,NaN
256.79999999999,NaN
256.89999999999,NaN
256.99999999999,NaN
257.09999999999,NaN
257.19999999999,NaN
257.29999999999,NaN
257.39999999999,NaN
257.49999999999,NaN
257.59999999999,NaN
257.69999999999,NaN
257.79999999999,NaN
257.89999999999,NaN
257.99999999999,NaN
258.09999999999,NaN
258.19999999999,NaN
258.29999999999,NaN
258.39999999999,NaN
258.49999999999,NaN
258.59999999999,NaN
258.69999999999,NaN
258.79999999999,NaN
258.89999999999,NaN
258.99999999999,NaN
259.09999999999,NaN
259.19999999999,NaN
259.29999999999,NaN
259.39999999999,NaN
259.499999999991,NaN
259.599999999991,NaN
259.699999999991,NaN
259.799999999991,NaN
259.899999999991,NaN
259.999999999991,NaN
260.099999999991,NaN
260.199999999991,NaN
260.299999999991,NaN
260.399999999991,NaN
260.499999999991,NaN
260.599999999991,NaN
260.699999999991,NaN
260.799999999991,NaN
260.899999999991,NaN
260.999999999991,NaN
261.099999999991,NaN
261.199999999991,NaN
261.299999999991,NaN
261.399999999991,NaN
261.499999999991,NaN
261.599999999991,NaN
261.699999999991,NaN
261.799999999991,NaN
261.899999999991,NaN
261.999999999991,NaN
262.099999999991,NaN
262.199999999991,NaN
262.299999999991,NaN
262.399999999991,NaN
262.499999999991,NaN
262.599999999991,NaN
262.699999999991,NaN
262.799999999991,NaN
262.899999999991,NaN
262.999999999991,NaN
263.099999999991,NaN
263.199999999991,NaN
263.299999999991,NaN
263.399999999991,NaN
263.499999999991,NaN
263.599999999991,NaN
263.699999999991,NaN
263.799999999991,NaN
263.899999999992,NaN
263.999999999992,NaN
264.099999999992,NaN
264.199999999992,NaN
264.299999999992,NaN
264.399999999992,NaN
264.499999999992,NaN
264.599999999992,NaN
264.699999999992,NaN
264.799999999992,NaN
264.899999999992,NaN
264.999999999992,NaN
265.099999999992,NaN
265.199999999992,NaN
265.299999999992,NaN
265.399999999992,NaN
265.499999999992,NaN
265.599999999992,NaN
265.699999999992,NaN
265.799999999992,NaN
265.899999999992,NaN
265.999999999992,NaN
266.099999999992,NaN
266.199999999992,NaN
266.299999999992,NaN
266.399999999992,NaN
266.499999999992,NaN
266.599999999992,NaN
266.699999999992,NaN
266.799999999992,NaN
266.899999999992,NaN
266.999999999992,NaN
267.099999999992,NaN
267.199999999992,NaN
267.299999999992,NaN
267.399999999992,NaN
267.499999999992,NaN
267.599999999992,NaN
267.699999999992,NaN
267.799999999992,NaN
267.899999999992,NaN
267.999999999992,NaN
268.099999999992,NaN
268.199999999992,NaN
268.299999999993,NaN
268.399999999993,NaN
268.499999999993,NaN
268.599999999993,NaN
268.699999999993,NaN
268.799999999993,NaN
268.899999999993,NaN
268.999999999993,NaN
269.099999999993,NaN
269.199999999993,NaN
269.299999999993,NaN
269.399999999993,NaN
269.499999999993,NaN
269.599999999993,NaN
269.699999999993,NaN
269.799999999993,NaN
269.899999999993,NaN
269.999999999993,NaN
270.099999999993,NaN
270.199999999993,NaN
270.299999999993,NaN
270.399999999993,NaN
270.499999999993,NaN
270.599999999993,NaN
270.699999999993,NaN
270.799999999993,NaN
270.899999999993,NaN
270.999999999993,NaN
271.099999999993,NaN
271.199999999993,NaN
271.299999999993,NaN
271.399999999993,NaN
271.499999999993,NaN
271.599999999993,NaN
271.699999999993,NaN
271.799999999993,NaN
271.899999999993,NaN
271.999999999993,NaN
272.099999999993,NaN
272.199999999993,NaN
272.299999999993,NaN
272.399999999993,NaN
272.499999999993,NaN
272.599999999993,NaN
272.699999999994,NaN
272.799999999994,NaN
272.899999999994,NaN
272.999999999994,NaN
273.099999999994,NaN
273.199999999994,NaN
273.299999999994,NaN
273.399999999994,NaN
273.499999999994,NaN
273.599999999994,NaN
273.699999999994,NaN
273.799999999994,NaN
273.899999999994,NaN
273.999999999994,NaN
274.099999999994,NaN
274.199999999994,NaN
274.299999999994,NaN
274.399999999994,NaN
274.499999999994,NaN
274.599999999994,NaN
274.699999999994,NaN
274.799999999994,NaN
274.899999999994,NaN
274.999999999994,NaN
275.099999999994,NaN
275.199999999994,NaN
275.299999999994,NaN
275.399999999994,NaN
275.499999999994,NaN
275.599999999994,NaN
275.699999999994,NaN
275.799999999994,NaN
275.899999999994,NaN
275.999999999994,NaN
276.099999999994,NaN
276.199999999994,NaN
276.299999999994,NaN
276.399999999994,NaN
276.499999999994,NaN
276.599999999994,NaN
276.699999999994,NaN
276.799999999994,NaN
276.899999999994,NaN
276.999999999994,NaN
277.099999999995,NaN
277.199999999995,NaN
277.299999999995,NaN
277.399999999995,NaN
277.499999999995,NaN
277.599999999995,NaN
277.699999999995,NaN
277.799999999995,NaN
277.899999999995,NaN
277.999999999995,NaN
278.099999999995,NaN
278.199999999995,NaN
278.299999999995,NaN
278.399999999995,NaN
278.499999999995,NaN
278.599999999995,NaN
278.699999999995,NaN
278.799999999995,NaN
278.899999999995,NaN
278.999999999995,NaN
279.099999999995,NaN
279.199999999995,NaN
279.299999999995,NaN
279.399999999995,NaN
279.499999999995,NaN
279.599999999995,NaN
279.699999999995,NaN
279.799999999995,NaN
279.899999999995,NaN
279.999999999995,NaN
280.099999999995,NaN
280.199999999995,NaN
280.299999999995,NaN
280.399999999995,NaN
280.499999999995,NaN
280.599999999995,NaN
280.699999999995,NaN
280.799999999995,NaN
280.899999999995,NaN
280.999999999995,NaN
281.099999999995,NaN
281.199999999995,NaN
281.299999999995,NaN
281.399999999995,NaN
281.499999999996,NaN
281.599999999996,NaN
281.699999999996,NaN
281.799999999996,NaN
281.899999999996,NaN
281.999999999996,NaN
282.099999999996,NaN
282.199999999996,NaN
282.299999999996,NaN
282.399999999996,NaN
282.499999999996,NaN
282.599999999996,NaN
282.699999999996,NaN
282.799999999996,NaN
282.899999999996,NaN
282.999999999996,NaN
283.099999999996,NaN
283.199999999996,NaN
283.299999999996,NaN
283.399999999996,NaN
283.499999999996,NaN
283.599999999996,NaN
283.699999999996,NaN
283.799999999996,NaN
283.899999999996,NaN
283.999999999996,NaN
284.099999999996,NaN
284.199999999996,NaN
284.299999999996,NaN
284.399999999996,NaN
284.499999999996,NaN
284.599999999996,NaN
284.699999999996,NaN
284.799999999996,NaN
284.899999999996,NaN
284.999999999996,NaN
285.099999999996,NaN
285.199999999996,NaN
285.299999999996,NaN
285.399999999996,NaN
285.499999999996,NaN
285.599999999996,NaN
285.699999999996,NaN
285.799999999996,NaN
285.899999999997,NaN
285.999999999997,NaN
286.099999999997,NaN
286.199999999997,NaN
286.299999999997,NaN
286.399999999997,NaN
286.499999999997,NaN
286.599999999997,NaN
286.699999999997,NaN
286.799999999997,NaN
286.899999999997,NaN
286.999999999997,NaN
287.099999999997,NaN
287.199999999997,NaN
287.299999999997,NaN
287.399999999997,NaN
287.499999999997,NaN
287.599999999997,NaN
287.699999999997,NaN
287.799999999997,NaN
287.899999999997,NaN
287.999999999997,NaN
288.099999999997,NaN
288.199999999997,NaN
288.299999999997,NaN
288.399999999997,NaN
288.499999999997,NaN
288.599999999997,NaN
288.699999999997,NaN
288.799999999997,NaN
288.899999999997,NaN
288.999999999997,NaN
289.099999999997,NaN
289.199999999997,NaN
289.299999999997,NaN
289.399999999997,NaN
289.499999999997,NaN
289.599999999997,NaN
289.699999999997,NaN
289.799999999997,NaN
289.899999999997,NaN
289.999999999997,NaN
290.099999999997,NaN
290.199999999997,NaN
290.299999999998,NaN
290.399999999998,NaN
290.499999999998,NaN
290.599999999998,NaN
290.699999999998,NaN
290.799999999998,NaN
290.899999999998,NaN
290.999999999998,NaN
291.099999999998,NaN
291.199999999998,NaN
291.299999999998,NaN
291.399999999998,NaN
291.499999999998,NaN
291.599999999998,NaN
291.699999999998,NaN
291.799999999998,NaN
291.899999999998,NaN
291.999999999998,NaN
292.099999999998,NaN
292.199999999998,NaN
292.299999999998,NaN
292.399999999998,NaN
292.499999999998,NaN
292.599999999998,NaN
292.699999999998,NaN
292.799999999998,NaN
292.899999999998,NaN
292.999999999998,NaN
293.099999999998,NaN
293.199999999998,NaN
293.299999999998,NaN
293.399999999998,NaN
293.499999999998,NaN
293.599999999998,NaN
293.699999999998,NaN
293.799999999998,NaN
293.899999999998,NaN
293.999999999998,NaN
294.099999999998,NaN
294.199999999998,NaN
294.299999999998,NaN
294.399999999998,NaN
294.499999999998,NaN
294.599999999998,NaN
294.699999999999,NaN
294.799999999999,NaN
294.899999999999,NaN
294.999999999999,NaN
295.099999999999,NaN
295.199999999999,NaN
295.299999999999,NaN
295.399999999999,NaN
295.499999999999,NaN
295.599999999999,NaN
295.699999999999,NaN
295.799999999999,NaN
295.899999999999,NaN
295.999999999999,NaN
296.099999999999,NaN
296.199999999999,NaN
296.299999999999,NaN
296.399999999999,NaN
296.499999999999,NaN
296.599999999999,NaN
296.699999999999,NaN
296.799999999999,NaN
296.899999999999,NaN
296.999999999999,NaN
297.099999999999,NaN
297.199999999999,NaN
297.299999999999,NaN
297.399999999999,NaN
297.499999999999,NaN
297.599999999999,NaN
297.699999999999,NaN
297.799999999999,NaN
297.899999999999,NaN
297.999999999999,NaN
298.099999999999,NaN
298.199999999999,NaN
298.299999999999,NaN
298.399999999999,NaN
298.499999999999,NaN
298.599999999999,NaN
298.699999999999,NaN
298.799999999999,NaN
298.899999999999,NaN
298.999999999999,NaN
299.1,NaN
299.2,NaN
299.3,NaN
299.4,NaN
299.5,NaN
299.6,NaN
299.7,NaN
299.8,NaN
299.9,NaN
300,NaN
300.1,NaN
300.2,NaN
300.3,NaN
300.4,NaN
300.5,NaN
300.6,NaN
300.7,NaN
300.8,NaN
300.9,NaN
301,NaN
301.1,NaN
301.2,NaN
301.3,NaN
301.4,NaN
301.5,NaN
301.6,NaN
301.7,NaN
301.8,NaN
301.9,NaN
302,NaN
302.1,NaN
302.2,NaN
302.3,NaN
302.4,NaN
302.5,NaN
302.6,NaN
302.7,NaN
302.8,NaN
302.9,NaN
303,NaN
303.1,NaN
303.2,NaN
303.3,NaN
303.4,NaN
303.500000000001,NaN
303.600000000001,NaN
303.700000000001,NaN
303.800000000001,NaN
303.900000000001,NaN
304.000000000001,NaN
304.100000000001,NaN
304.200000000001,NaN
304.300000000001,NaN
304.400000000001,NaN
304.500000000001,NaN
304.600000000001,NaN
304.700000000001,NaN
304.800000000001,NaN
304.900000000001,NaN
305.000000000001,NaN
305.100000000001,NaN
305.200000000001,NaN
305.300000000001,NaN
305.400000000001,NaN
305.500000000001,NaN
305.600000000001,NaN
305.700000000001,NaN
305.800000000001,NaN
305.900000000001,NaN
306.000000000001,NaN
306.100000000001,NaN
306.200000000001,NaN
306.300000000001,NaN
306.400000000001,NaN
306.500000000001,NaN
306.600000000001,NaN
306.700000000001,NaN
306.800000000001,NaN
306.900000000001,NaN
307.000000000001,NaN
307.100000000001,NaN
307.200000000001,NaN
307.300000000001,NaN
307.400000000001,NaN
307.500000000001,NaN
307.600000000001,NaN
307.700000000001,NaN
307.800000000001,NaN
307.900000000002,NaN
308.000000000002,NaN
308.100000000002,NaN
308.200000000002,NaN
308.300000000002,NaN
308.400000000002,NaN
308.500000000002,NaN
308.600000000002,NaN
308.700000000002,NaN
308.800000000002,NaN
308.900000000002,NaN
309.000000000002,NaN
309.100000000002,NaN
309.200000000002,NaN
309.300000000002,NaN
309.400000000002,NaN
309.500000000002,NaN
309.600000000002,NaN
309.700000000002,NaN
309.800000000002,NaN
309.900000000002,NaN
310.000000000002,NaN
310.100000000002,NaN
310.200000000002,NaN
310.300000000002,NaN
310.400000000002,NaN
310.500000000002,NaN
310.600000000002,NaN
310.700000000002,NaN
310.800000000002,NaN
310.900000000002,NaN
311.000000000002,NaN
311.100000000002,NaN
311.200000000002,NaN
311.300000000002,NaN
311.400000000002,NaN
311.500000000002,NaN
311.600000000002,NaN
311.700000000002,NaN
311.800000000002,NaN
311.900000000002,NaN
312.000000000002,NaN
312.100000000002,NaN
312.200000000002,NaN
312.300000000003,NaN
312.400000000003,NaN
312.500000000003,NaN
312.600000000003,NaN
312.700000000003,NaN
312.800000000003,NaN
312.900000000003,NaN
313.000000000003,NaN
313.100000000003,NaN
313.200000000003,NaN
313.300000000003,NaN
313.400000000003,NaN
313.500000000003,NaN
313.600000000003,NaN
313.700000000003,NaN
313.800000000003,NaN
313.900000000003,NaN
314.000000000003,NaN
314.100000000003,NaN
314.200000000003,NaN
314.300000000003,NaN
314.400000000003,NaN
314.500000000003,NaN
314.600000000003,NaN
314.700000000003,NaN
314.800000000003,NaN
314.900000000003,NaN
315.000000000003,NaN
315.100000000003,NaN
315.200000000003,NaN
315.300000000003,NaN
315.400000000003,NaN
315.500000000003,NaN
315.600000000003,NaN
315.700000000003,NaN
315.800000000003,NaN
315.900000000003,NaN
316.000000000003,NaN
316.100000000003,NaN
316.200000000003,NaN
316.300000000003,NaN
316.400000000003,NaN
316.500000000003,NaN
316.600000000003,NaN
316.700000000004,NaN
316.800000000004,NaN
316.900000000004,NaN
317.000000000004,NaN
317.100000000004,NaN
317.200000000004,NaN
317.300000000004,NaN
317.400000000004,NaN
317.500000000004,NaN
317.600000000004,NaN
317.700000000004,NaN
317.800000000004,NaN
317.900000000004,NaN
318.000000000004,NaN
318.100000000004,NaN
318.200000000004,NaN
318.300000000004,NaN
318.400000000004,NaN
318.500000000004,NaN
318.600000000004,NaN
318.700000000004,NaN
318.800000000004,NaN
318.900000000004,NaN
319.000000000004,NaN
319.100000000004,NaN
319.200000000004,NaN
319.300000000004,NaN
319.400000000004,NaN
319.500000000004,NaN
319.600000000004,NaN
319.700000000004,NaN
319.800000000004,NaN
319.900000000004,NaN
320.000000000004,NaN
320.100000000004,NaN
320.200000000004,NaN
320.300000000004,NaN
320.400000000004,NaN
320.500000000004,NaN
320.600000000004,NaN
320.700000000004,NaN
320.800000000004,NaN
320.900000000004,NaN
321.000000000004,NaN
321.100000000005,NaN
321.200000000005,NaN
321.300000000005,NaN
321.400000000005,NaN
321.500000000005,NaN
321.600000000005,NaN
321.700000000005,NaN
321.800000000005,NaN
321.900000000005,NaN
322.000000000005,NaN
322.100000000005,NaN
322.200000000005,NaN
322.300000000005,NaN
322.400000000005,NaN
322.500000000005,NaN
322.600000000005,NaN
322.700000000005,NaN
322.800000000005,NaN
322.900000000005,NaN
323.000000000005,NaN
323.100000000005,NaN
323.200000000005,NaN
323.300000000005,NaN
323.400000000005,NaN
323.500000000005,NaN
323.600000000005,NaN
323.700000000005,NaN
323.800000000005,NaN
323.900000000005,NaN
324.000000000005,NaN
324.100000000005,NaN
324.200000000005,NaN
324.300000000005,NaN
324.400000000005,NaN
324.500000000005,NaN
324.600000000005,NaN
324.700000000005,NaN
324.800000000005,NaN
324.900000000005,NaN
325.000000000005,NaN
325.100000000005,NaN
325.200000000005,NaN
325.300000000005,NaN
325.400000000005,NaN
325.500000000006,NaN
325.600000000006,NaN
325.700000000006,NaN
325.800000000006,NaN
325.900000000006,NaN
326.000000000006,NaN
326.100000000006,NaN
326.200000000006,NaN
326.300000000006,NaN
326.400000000006,NaN
326.500000000006,NaN
326.600000000006,NaN
326.700000000006,NaN
326.800000000006,NaN
326.900000000006,NaN
327.000000000006,NaN
327.100000000006,NaN
327.200000000006,NaN
327.300000000006,NaN
327.400000000006,NaN
327.500000000006,NaN
327.600000000006,NaN
327.700000000006,NaN
327.800000000006,NaN
327.900000000006,NaN
328.000000000006,NaN
328.100000000006,NaN
328.200000000006,NaN
328.300000000006,NaN
328.400000000006,NaN
328.500000000006,NaN
328.600000000006,NaN
328.700000000006,NaN
328.800000000006,NaN
328.900000000006,NaN
329.000000000006,NaN
329.100000000006,NaN
329.200000000006,NaN
329.300000000006,NaN
329.400000000006,NaN
329.500000000006,NaN
329.600000000006,NaN
329.700000000006,NaN
329.800000000006,NaN
329.900000000007,NaN
330.000000000007,NaN
330.100000000007,NaN
330.200000000007,NaN
330.300000000007,NaN
330.400000000007,NaN
330.500000000007,NaN
330.600000000007,NaN
330.700000000007,NaN
330.800000000007,NaN
330.900000000007,NaN
331.000000000007,NaN
331.100000000007,NaN
331.200000000007,NaN
331.300000000007,NaN
331.400000000007,NaN
331.500000000007,NaN
331.600000000007,NaN
331.700000000007,NaN
331.800000000007,NaN
331.900000000007,NaN
332.000000000007,NaN
332.100000000007,NaN
332.200000000007,NaN
332.300000000007,NaN
332.400000000007,NaN
332.500000000007,NaN
332.600000000007,NaN
332.700000000007,NaN
332.800000000007,NaN
332.900000000007,NaN
333.000000000007,NaN
333.100000000007,NaN
333.200000000007,NaN
333.300000000007,NaN
333.400000000007,NaN
333.500000000007,NaN
333.600000000007,NaN
333.700000000007,NaN
333.800000000007,NaN
333.900000000007,NaN
334.000000000007,NaN
334.100000000007,NaN
334.200000000007,NaN
334.300000000008,NaN
334.400000000008,NaN
334.500000000008,NaN
334.600000000008,NaN
334.700000000008,NaN
334.800000000008,NaN
334.900000000008,NaN
335.000000000008,NaN
335.100000000008,NaN
335.200000000008,NaN
335.300000000008,NaN
335.400000000008,NaN
335.500000000008,NaN
335.600000000008,NaN
335.700000000008,NaN
335.800000000008,NaN
335.900000000008,NaN
336.000000000008,NaN
336.100000000008,NaN
336.200000000008,NaN
336.300000000008,NaN
336.400000000008,NaN
336.500000000008,NaN
336.600000000008,NaN
336.700000000008,NaN
336.800000000008,NaN
336.900000000008,NaN
337.000000000008,NaN
337.100000000008,NaN
337.200000000008,NaN
337.300000000008,NaN
337.400000000008,NaN
337.500000000008,NaN
337.600000000008,NaN
337.700000000008,NaN
337.800000000008,NaN
337.900000000008,NaN
338.000000000008,NaN
338.100000000008,NaN
338.200000000008,NaN
338.300000000008,NaN
338.400000000008,NaN
338.500000000008,NaN
338.600000000008,NaN
338.700000000009,NaN
338.800000000009,NaN
338.900000000009,NaN
339.000000000009,NaN
339.100000000009,NaN
339.200000000009,NaN
339.300000000009,NaN
339.400000000009,NaN
339.500000000009,NaN
339.600000000009,NaN
339.700000000009,NaN
339.800000000009,NaN
339.900000000009,NaN
340.000000000009,NaN
340.100000000009,NaN
340.200000000009,NaN
340.300000000009,NaN
340.400000000009,NaN
340.500000000009,NaN
340.600000000009,NaN
340.700000000009,NaN
340.800000000009,NaN
340.900000000009,NaN
341.000000000009,NaN
341.100000000009,NaN
341.200000000009,NaN
341.300000000009,NaN
341.400000000009,NaN
341.500000000009,NaN
341.600000000009,NaN
341.700000000009,NaN
341.800000000009,NaN
341.900000000009,NaN
342.000000000009,NaN
342.100000000009,NaN
342.200000000009,NaN
342.300000000009,NaN
342.400000000009,NaN
342.500000000009,NaN
342.600000000009,NaN
342.700000000009,NaN
342.800000000009,NaN
342.900000000009,NaN
343.000000000009,NaN
343.10000000001,NaN
343.20000000001,NaN
343.30000000001,NaN
343.40000000001,NaN
343.50000000001,NaN
343.60000000001,NaN
343.70000000001,NaN
343.80000000001,NaN
343.90000000001,NaN
344.00000000001,NaN
344.10000000001,NaN
344.20000000001,NaN
344.30000000001,NaN
344.40000000001,NaN
344.50000000001,NaN
344.60000000001,NaN
344.70000000001,NaN
344.80000000001,NaN
344.90000000001,NaN
345.00000000001,NaN
345.10000000001,NaN
345.20000000001,NaN
345.30000000001,NaN
345.40000000001,NaN
345.50000000001,NaN
345.60000000001,NaN
345.70000000001,NaN
345.80000000001,NaN
345.90000000001,NaN
346.00000000001,NaN
346.10000000001,NaN
346.20000000001,NaN
346.30000000001,NaN
346.40000000001,NaN
346.50000000001,NaN
346.60000000001,NaN
346.70000000001,NaN
346.80000000001,NaN
346.90000000001,NaN
347.00000000001,NaN
347.10000000001,NaN
347.20000000001,NaN
347.30000000001,NaN
347.40000000001,NaN
347.500000000011,NaN
347.600000000011,NaN
347.700000000011,NaN
347.800000000011,NaN
347.900000000011,NaN
348.000000000011,NaN
348.100000000011,NaN
348.200000000011,NaN
348.300000000011,NaN
348.400000000011,NaN
348.500000000011,NaN
348.600000000011,NaN
348.700000000011,NaN
348.800000000011,NaN
348.900000000011,NaN
349.000000000011,NaN
349.100000000011,NaN
349.200000000011,NaN
349.300000000011,NaN
349.400000000011,NaN
349.500000000011,NaN
349.600000000011,NaN
349.700000000011,NaN
349.800000000011,NaN
349.900000000011,NaN
350.000000000011,NaN
350.100000000011,NaN
350.200000000011,NaN
350.300000000011,NaN
350.400000000011,NaN
350.500000000011,NaN
350.600000000011,NaN
350.700000000011,NaN
350.800000000011,NaN
350.900000000011,NaN
351.000000000011,NaN
351.100000000011,NaN
351.200000000011,NaN
351.300000000011,NaN
351.400000000011,NaN
351.500000000011,NaN
351.600000000011,NaN
351.700000000011,NaN
351.800000000011,NaN
351.900000000012,NaN
352.000000000012,NaN
352.100000000012,NaN
352.200000000012,NaN
352.300000000012,NaN
352.400000000012,NaN
352.500000000012,NaN
352.600000000012,NaN
352.700000000012,NaN
352.800000000012,NaN
352.900000000012,NaN
353.000000000012,NaN
353.100000000012,NaN
353.200000000012,NaN
353.300000000012,NaN
353.400000000012,NaN
353.500000000012,NaN
353.600000000012,NaN
353.700000000012,NaN
353.800000000012,NaN
353.900000000012,NaN
354.000000000012,NaN
354.100000000012,NaN
354.200000000012,NaN
354.300000000012,NaN
354.400000000012,NaN
354.500000000012,NaN
354.600000000012,NaN
354.700000000012,NaN
354.800000000012,NaN
354.900000000012,NaN
355.000000000012,NaN
355.100000000012,NaN
355.200000000012,NaN
355.300000000012,NaN
355.400000000012,NaN
355.500000000012,NaN
355.600000000012,NaN
355.700000000012,NaN
355.800000000012,NaN
355.900000000012,NaN
356.000000000012,NaN
356.100000000012,NaN
356.200000000012,NaN
356.300000000013,NaN
356.400000000013,NaN
356.500000000013,NaN
356.600000000013,NaN
356.700000000013,NaN
356.800000000013,NaN
356.900000000013,NaN
357.000000000013,NaN
357.100000000013,NaN
357.200000000013,NaN
357.300000000013,NaN
357.400000000013,NaN
357.500000000013,NaN
357.600000000013,NaN
357.700000000013,NaN
357.800000000013,NaN
357.900000000013,NaN
358.000000000013,NaN
358.100000000013,NaN
358.200000000013,NaN
358.300000000013,NaN
358.400000000013,NaN
358.500000000013,NaN
358.600000000013,NaN
358.700000000013,NaN
358.800000000013,NaN
358.900000000013,NaN
359.000000000013,NaN
359.100000000013,NaN
359.200000000013,NaN
359.300000000013,NaN
359.400000000013,NaN
359.500000000013,NaN
359.600000000013,NaN
359.700000000013,NaN
359.800000000013,NaN
359.900000000013,NaN
360.000000000013,NaN
360.100000000013,NaN
360.200000000013,NaN
360.300000000013,NaN
360.400000000013,NaN
360.500000000013,NaN
360.600000000013,NaN
360.700000000014,NaN
360.800000000014,NaN
360.900000000014,NaN
361.000000000014,NaN
361.100000000014,NaN
361.200000000014,NaN
361.300000000014,NaN
361.400000000014,NaN
361.500000000014,NaN
361.600000000014,NaN
361.700000000014,NaN
361.800000000014,NaN
361.900000000014,NaN
362.000000000014,NaN
362.100000000014,NaN
362.200000000014,NaN
362.300000000014,NaN
362.400000000014,NaN
362.500000000014,NaN
362.600000000014,NaN
362.700000000014,NaN
362.800000000014,NaN
362.900000000014,NaN
363.000000000014,NaN
363.100000000014,NaN
363.200000000014,NaN
363.300000000014,NaN
363.400000000014,NaN
363.500000000014,NaN
363.600000000014,NaN
363.700000000014,NaN
363.800000000014,NaN
363.900000000014,NaN
364.000000000014,NaN
364.100000000014,NaN
364.200000000014,NaN
364.300000000014,NaN
364.400000000014,NaN
364.500000000014,NaN
364.600000000014,NaN
364.700000000014,NaN
364.800000000014,NaN
364.900000000014,NaN
365.000000000014,NaN
365.100000000015,NaN
365.200000000015,NaN
365.300000000015,NaN
365.400000000015,NaN
365.500000000015,NaN
365.600000000015,NaN
365.700000000015,NaN
365.800000000015,NaN
365.900000000015,NaN
366.000000000015,NaN
366.100000000015,NaN
366.200000000015,NaN
366.300000000015,NaN
366.400000000015,NaN
366.500000000015,NaN
366.600000000015,NaN
366.700000000015,NaN
366.800000000015,NaN
366.900000000015,NaN
367.000000000015,NaN
367.100000000015,NaN
367.200000000015,NaN
367.300000000015,NaN
367.400000000015,NaN
367.500000000015,NaN
367.600000000015,NaN
367.700000000015,NaN
367.800000000015,NaN
367.900000000015,NaN
368.000000000015,NaN
368.100000000015,NaN
368.200000000015,NaN
368.300000000015,NaN
368.400000000015,NaN
368.500000000015,NaN
368.600000000015,NaN
368.700000000015,NaN
368.800000000015,NaN
368.900000000015,NaN
369.000000000015,NaN
369.100000000015,NaN
369.200000000015,NaN
369.300000000015,NaN
369.400000000015,NaN
369.500000000016,NaN
369.600000000016,NaN
369.700000000016,NaN
369.800000000016,NaN
369.900000000016,NaN
370.000000000016,NaN
370.100000000016,NaN
370.200000000016,NaN
370.300000000016,NaN
370.400000000016,NaN
370.500000000016,NaN
370.600000000016,NaN
370.700000000016,NaN
370.800000000016,NaN
370.900000000016,NaN
371.000000000016,NaN
371.100000000016,NaN
371.200000000016,NaN
371.300000000016,NaN
371.400000000016,NaN
371.500000000016,NaN
371.600000000016,NaN
371.700000000016,NaN
371.800000000016,NaN
371.900000000016,NaN
372.000000000016,NaN
372.100000000016,NaN
372.200000000016,NaN
372.300000000016,NaN
372.400000000016,NaN
372.500000000016,NaN
372.600000000016,NaN
372.700000000016,NaN
372.800000000016,NaN
372.900000000016,NaN
373.000000000016,NaN
373.100000000016,NaN
373.200000000016,NaN
373.300000000016,NaN
373.400000000016,NaN
373.500000000016,NaN
373.600000000016,NaN
373.700000000016,NaN
373.800000000016,NaN
373.900000000017,NaN
374.000000000017,NaN
374.100000000017,NaN
374.200000000017,NaN
374.300000000017,NaN
374.400000000017,NaN
374.500000000017,NaN
374.600000000017,NaN
374.700000000017,NaN
374.800000000017,NaN
374.900000000017,NaN
375.000000000017,NaN
375.100000000017,NaN
375.200000000017,NaN
375.300000000017,NaN
375.400000000017,NaN
375.500000000017,NaN
375.600000000017,NaN
375.700000000017,NaN
375.800000000017,NaN
375.900000000017,NaN
376.000000000017,NaN
376.100000000017,NaN
376.200000000017,NaN
376.300000000017,NaN
376.400000000017,NaN
376.500000000017,NaN
376.600000000017,NaN
376.700000000017,NaN
376.800000000017,NaN
376.900000000017,NaN
377.000000000017,NaN
377.100000000017,NaN
377.200000000017,NaN
377.300000000017,NaN
377.400000000017,NaN
377.500000000017,NaN
377.600000000017,NaN
377.700000000017,NaN
377.800000000017,NaN
377.900000000017,NaN
378.000000000017,NaN
378.100000000017,NaN
378.200000000017,NaN
378.300000000018,NaN
378.400000000018,NaN
378.500000000018,NaN
378.600000000018,NaN
378.700000000018,NaN
378.800000000018,NaN
378.900000000018,NaN
379.000000000018,NaN
379.100000000018,NaN
379.200000000018,NaN
379.300000000018,NaN
379.400000000018,NaN
379.500000000018,NaN
379.600000000018,NaN
379.700000000018,NaN
379.800000000018,NaN
379.900000000018,NaN
380.000000000018,NaN
380.100000000018,NaN
380.200000000018,NaN
380.300000000018,NaN
380.400000000018,NaN
380.500000000018,NaN
380.600000000018,NaN
380.700000000018,NaN
380.800000000018,NaN
380.900000000018,NaN
381.000000000018,NaN
381.100000000018,NaN
381.200000000018,NaN
381.300000000018,NaN
381.400000000018,NaN
381.500000000018,NaN
381.600000000018,NaN
381.700000000018,NaN
381.800000000018,NaN
381.900000000018,NaN
382.000000000018,NaN
382.100000000018,NaN
382.200000000018,NaN
382.300000000018,NaN
382.400000000018,NaN
382.500000000018,NaN
382.600000000018,NaN
382.700000000019,NaN
382.800000000019,NaN
382.900000000019,NaN
383.000000000019,NaN
383.100000000019,NaN
383.200000000019,NaN
383.300000000019,NaN
383.400000000019,NaN
383.500000000019,NaN
383.600000000019,NaN
383.700000000019,NaN
383.800000000019,NaN
383.900000000019,NaN
384.000000000019,NaN
384.100000000019,NaN
384.200000000019,NaN
384.300000000019,NaN
384.400000000019,NaN
384.500000000019,NaN
384.600000000019,NaN
384.700000000019,NaN
384.800000000019,NaN
384.900000000019,NaN
385.000000000019,NaN
385.100000000019,NaN
385.200000000019,NaN
385.300000000019,NaN
385.400000000019,NaN
385.500000000019,NaN
385.600000000019,NaN
385.700000000019,NaN
385.800000000019,NaN
385.900000000019,NaN
386.000000000019,NaN
386.100000000019,NaN
386.200000000019,NaN
386.300000000019,NaN
386.400000000019,NaN
386.500000000019,NaN
386.600000000019,NaN
386.700000000019,NaN
386.800000000019,NaN
386.900000000019,NaN
387.000000000019,NaN
387.10000000002,NaN
387.20000000002,NaN
387.30000000002,NaN
387.40000000002,NaN
387.50000000002,NaN
387.60000000002,NaN
387.70000000002,NaN
387.80000000002,NaN
387.90000000002,NaN
388.00000000002,NaN
388.10000000002,NaN
388.20000000002,NaN
388.30000000002,NaN
388.40000000002,NaN
388.50000000002,NaN
388.60000000002,NaN
388.70000000002,NaN
388.80000000002,NaN
388.90000000002,NaN
389.00000000002,NaN
389.10000000002,NaN
389.20000000002,NaN
389.30000000002,NaN
389.40000000002,NaN
389.50000000002,NaN
389.60000000002,NaN
389.70000000002,NaN
389.80000000002,NaN
389.90000000002,NaN
390.00000000002,NaN
390.10000000002,NaN
390.20000000002,NaN
390.30000000002,NaN
390.40000000002,NaN
390.50000000002,NaN
390.60000000002,NaN
390.70000000002,NaN
390.80000000002,NaN
390.90000000002,NaN
391.00000000002,NaN
391.10000000002,NaN
391.20000000002,NaN
391.30000000002,NaN
391.40000000002,NaN
391.500000000021,NaN
391.600000000021,NaN
391.700000000021,NaN
391.800000000021,NaN
391.900000000021,NaN
392.000000000021,NaN
392.100000000021,NaN
392.200000000021,NaN
392.300000000021,NaN
392.400000000021,NaN
392.500000000021,NaN
392.600000000021,NaN
392.700000000021,NaN
392.800000000021,NaN
392.900000000021,NaN
393.000000000021,NaN
393.100000000021,NaN
393.200000000021,NaN
393.300000000021,NaN
393.400000000021,NaN
393.500000000021,NaN
393.600000000021,NaN
393.700000000021,NaN
393.800000000021,NaN
393.900000000021,NaN
394.000000000021,NaN
394.100000000021,NaN
394.200000000021,NaN
394.300000000021,NaN
394.400000000021,NaN
394.500000000021,NaN
394.600000000021,NaN
394.700000000021,NaN
394.800000000021,NaN
394.900000000021,NaN
395.000000000021,NaN
395.100000000021,NaN
395.200000000021,NaN
395.300000000021,NaN
395.400000000021,NaN
395.500000000021,NaN
395.600000000021,NaN
395.700000000021,NaN
395.800000000021,NaN
395.900000000022,NaN
396.000000000022,NaN
396.100000000022,NaN
396.200000000022,NaN
396.300000000022,NaN
396.400000000022,NaN
396.500000000022,NaN
396.600000000022,NaN
396.700000000022,NaN
396.800000000022,NaN
396.900000000022,NaN
397.000000000022,NaN
397.100000000022,NaN
397.200000000022,NaN
397.300000000022,NaN
397.400000000022,NaN
397.500000000022,NaN
397.600000000022,NaN
397.700000000022,NaN
397.800000000022,NaN
397.900000000022,NaN
398.000000000022,NaN
398.100000000022,NaN
398.200000000022,NaN
398.300000000022,NaN
398.400000000022,NaN
398.500000000022,NaN
398.600000000022,NaN
398.700000000022,NaN
398.800000000022,NaN
398.900000000022,NaN
399.000000000022,NaN
399.100000000022,NaN
399.200000000022,NaN
399.300000000022,NaN
399.400000000022,NaN
399.500000000022,NaN
399.600000000022,NaN
399.700000000022,NaN
399.800000000022,NaN
399.900000000022,NaN
400.000000000022,NaN
